0.1926605504587156,0.8144192256341789,0.772782503037667,0.9283819628647215,0.8772919605077574
0.1926605504587156,0.8144192256341789,0.772782503037667,0.9283819628647215,0.8772919605077574
0.18960244648318042,0.8811748998664887,0.764277035236938,0.9535809018567639,0.9294781382228491
0.19877675840978593,0.9078771695594126,0.7715674362089915,0.9628647214854111,0.9464033850493653
0.21712538226299694,0.9412550066755674,0.7752126366950183,0.9681697612732095,0.9576868829337094
0.2415902140672783,0.9532710280373832,0.7752126366950183,0.9708222811671088,0.9689703808180536
0.27522935779816515,0.9599465954606141,0.7764277035236938,0.9721485411140584,0.9774330042313117
0.3333333333333333,0.9666221628838452,0.7776427703523694,0.9761273209549072,0.9844851904090268
0.4036697247706422,0.9759679572763685,0.7800729040097205,0.9761273209549072,0.9901269393511989
0.4648318042813456,0.9853137516688919,0.7849331713244229,0.9721485411140584,0.997179125528914
0.5198776758409785,0.9946595460614153,0.787363304981774,0.9721485411140584,1.0
0.5657492354740061,0.9973297730307076,0.7861482381530984,0.9748010610079576,1.0
0.5963302752293578,0.9959946595460614,0.7849331713244229,0.9787798408488063,1.0
0.6146788990825688,0.9933244325767691,0.7837181044957473,0.9787798408488063,1.0
0.636085626911315,0.9893190921228304,0.7837181044957473,0.9787798408488063,1.0
0.6238532110091743,0.9826435246995995,0.7812879708383961,0.9774535809018567,0.9944979367262724
0.581039755351682,0.9692923898531375,0.7837181044957473,0.9748010610079576,0.9876203576341128
0.5076452599388379,0.9559412550066756,0.787363304981774,0.9761273209549072,0.9766162310866575
0.42201834862385323,0.9372496662216289,0.7922235722964763,0.9761273209549072,0.9614855570839065
0.3241590214067278,0.9092122830440588,0.7885783718104495,0.9708222811671088,0.9491059147180193
0.25076452599388377,0.8638184245660881,0.7776427703523694,0.9575596816976127,0.9353507565337001
0.19877675840978593,0.8050734312416555,0.7484811664641555,0.8806366047745358,0.9160935350756534
0.1712538226299694,0.7409879839786382,0.7059538274605103,0.8183023872679045,0.8803301237964236
0.15902140672782875,0.664886515353805,0.6269744835965978,0.7679045092838196,0.7799174690508941
0.1559633027522936,0.5674232309746329,0.5443499392466585,0.7148541114058355,0.7235213204951857
0.1529051987767584,0.4606141522029373,0.47630619684082626,0.6671087533156499,0.6767537826685007
0.13149847094801223,0.3818424566088118,0.41190765492102066,0.6074270557029178,0.624484181568088
0.11009174311926606,0.30440587449933243,0.3645200486026732,0.53315649867374,0.5749656121045392
0.0856269113149847,0.1855807743658211,0.3134872417982989,0.46816976127320953,0.515818431911967
0.0672782874617737,0.14419225634178906,0.2624544349939247,0.4244031830238727,0.4607977991746905
0.0581039755351682,0.11481975967957277,0.21992709599027946,0.39655172413793105,0.4126547455295736
0.06422018348623854,0.10013351134846461,0.17375455650060753,0.3713527851458886,0.3672627235213205
0.07339449541284404,0.09078771695594126,0.16038882138517618,0.35278514588859416,0.33012379642365886
0.07339449541284404,0.08277703604806408,0.14823815309842042,0.32891246684350134,0.30536451169188444
0.07339449541284404,0.0801068090787717,0.14094775212636695,0.3209549071618037,0.2861072902338377
0.05198776758409786,0.07209612817089453,0.13608748481166463,0.3156498673740053,0.2723521320495186
0.045871559633027525,0.07076101468624833,0.13608748481166463,0.3116710875331565,0.2558459422283356
0.027522935779816515,0.06542056074766354,0.13608748481166463,0.3063660477453581,0.25722145804676755
0.03058103975535168,0.05874499332443257,0.1433778857837181,0.29973474801061006,0.25997248968363135
0.04892966360856269,0.06008010680907877,0.1543134872417983,0.2957559681697613,0.26822558459422285
0.0581039755351682,0.06542056074766354,0.17496962332928312,0.29442970822281167,0.2861072902338377
0.0672782874617737,0.12016021361815754,0.22114216281895505,0.3116710875331565,0.3218707015130674
0.0672782874617737,0.15353805073431243,0.26366950182260024,0.3448275862068966,0.3658872077028886
0.0672782874617737,0.18691588785046728,0.32563791008505466,0.38992042440318303,0.40852819807427787
0.0672782874617737,0.23097463284379172,0.3645200486026732,0.4376657824933687,0.45667125171939477
0.0764525993883792,0.2683578104138852,0.3973268529769137,0.48408488063660476,0.5075653370013755
0.0856269113149847,0.31108144192256343,0.4422843256379101,0.5941644562334217,0.5557083906464925
0.10091743119266056,0.38317757009345793,0.5006075334143378,0.6710875331564987,0.5983493810178817
0.12232415902140673,0.4472630173564753,0.5419198055893074,0.7214854111405835,0.6547455295735901
0.14067278287461774,0.5006675567423231,0.574726609963548,0.7546419098143236,0.6698762035763411
0.1620795107033639,0.5527369826435247,0.6184690157958688,0.7970822281167109,0.686382393397524
0.1712538226299694,0.6128170894526035,0.6670716889428918,0.8395225464190982,0.7028885832187071
0.17737003058103976,0.6608811748998665,0.7059538274605103,0.8726790450928382,0.7180192572214581
0.18654434250764526,0.7182910547396528,0.724179829890644,0.8952254641909815,0.7290233837689133
0.21100917431192662,0.7516688918558078,0.7460510328068044,0.9217506631299734,0.7455295735900963
0.22629969418960244,0.7850467289719626,0.7679222357229648,0.9376657824933687,0.7620357634112792
0.2782874617737003,0.8157543391188251,0.7752126366950183,0.9602122015915119,0.7991746905089409
0.30275229357798167,0.8344459279038718,0.7825030376670717,0.9655172413793104,0.8156808803301238
0.3211009174311927,0.8678237650200267,0.7849331713244229,0.9681697612732095,0.8363136176066025
0.3577981651376147,0.8744993324432577,0.7800729040097205,0.9827586206896551,0.8528198074277854
0.4036697247706422,0.890520694259012,0.7861482381530984,0.980106100795756,0.8830811554332875
0.4954128440366973,0.9038718291054739,0.7715674362089915,0.9840848806366048,0.9037138927097662
0.5596330275229358,0.8918558077436582,0.772782503037667,0.9946949602122016,0.9078404401650619
0.6055045871559633,0.9025367156208278,0.7679222357229648,0.9946949602122016,0.9160935350756534
0.6422018348623854,0.9065420560747663,0.7715674362089915,0.9973474801061007,0.9284731774415406
0.6880733944954128,0.9038718291054739,0.7825030376670717,1.0,0.9339752407152683
0.6941896024464832,0.9038718291054739,0.7982989064398542,0.9947229551451188,0.9449793672627235
0.709480122324159,0.9172229639519359,0.7982989064398542,1.0,0.953232462173315
0.6941896024464832,0.9158878504672897,0.8116646415552855,0.9947368421052631,0.9559834938101788
0.6483180428134556,0.9132176234979973,0.8031591737545565,1.0,0.9559834938101788
0.5963302752293578,0.8918558077436582,0.8031591737545565,1.0,0.9463548830811555
0.5351681957186545,0.8851802403204272,0.7897934386391251,0.9947437582128777,0.9477303988995873
0.4831804281345566,0.8611481975967957,0.7630619684082625,0.9947437582128777,0.936726272352132
0.3944954128440367,0.8491321762349799,0.7594167679222357,0.973718791064389,0.921595598349381
0.3119266055045872,0.822429906542056,0.7363304981773997,0.9500657030223391,0.8968363136176066
0.2324159021406728,0.7556742323097463,0.7120291616038882,0.9053876478318003,0.8376891334250344
0.16819571865443425,0.6755674232309746,0.6427703523693803,0.8173455978975033,0.7716643741403026
0.13761467889908258,0.5393858477970628,0.5358444714459295,0.6964520367936925,0.6987620357634112
0.0856269113149847,0.42990654205607476,0.4398541919805589,0.6373193166885677,0.6464924346629987
0.0764525993883792,0.3324432576769025,0.3669501822600243,0.5742444152431012,0.6038514442916093
0.0672782874617737,0.2630173564753004,0.30498177399756987,0.5111695137976346,0.4965612104539202
0.0581039755351682,0.21762349799732977,0.25273390036452004,0.45860709592641263,0.4250343878954608
0.045871559633027525,0.17890520694259013,0.2065613608748481,0.4178712220762155,0.36451169188445665
0.045871559633027525,0.15620827770360482,0.17618469015795868,0.38501971090670173,0.3246217331499312
0.03669724770642202,0.1321762349799733,0.15674362089914945,0.3587385019710907,0.2833562585969739
0.021406727828746176,0.08811748998664887,0.1433778857837181,0.3403416557161629,0.24896836313617607
0.0,0.08811748998664887,0.13608748481166463,0.32588699080157685,0.2297111416781293
0.0,0.07476635514018691,0.12393681652490887,0.3232588699080158,0.20357634112792297
0.0,0.07076101468624833,0.1117861482381531,0.3140604467805519,0.19257221458046767
0.0058997050147492625,0.06008010680907877,0.10571081409477522,0.3114323258869908,0.18019257221458046
0.0,0.056074766355140186,0.1117861482381531,0.2956636005256242,0.18019257221458046
0.008849557522123894,0.06141522029372497,0.1275820170109356,0.29303547963206306,0.18982118294360384
0.0058997050147492625,0.06275033377837116,0.15552855407047386,0.2982917214191853,0.19944979367262725
0.0,0.0787716955941255,0.20413122721749696,0.3180026281208936,0.2393397524071527
0.0,0.08811748998664887,0.26123936816524906,0.35611038107752957,0.27785419532324623
0.0,0.11481975967957277,0.31470230862697446,0.41392904073587383,0.3466299862448418
0.017241379310344827,0.157543391188251,0.353584447144593,0.4730617608409987,0.4250343878954608
0.005747126436781609,0.19893190921228304,0.402187120291616,0.519053876478318,0.5116918844566712
0.022988505747126436,0.2817089452603471,0.42284325637910086,0.5663600525624178,0.5804676753782668
0.020114942528735632,0.3364485981308411,0.4556500607533414,0.6057818659658344,0.6189821182943603
0.034482758620689655,0.3965287049399199,0.5006075334143378,0.6583442838370565,0.6492434662998624
0.05172413793103448,0.4499332443257677,0.6269744835965978,0.721419185282523,0.6740027510316369
0.04597701149425287,0.5126835781041389,0.6585662211421628,0.7687253613666228,0.6987620357634112
0.05747126436781609,0.5473965287049399,0.6804374240583232,0.835742444152431,0.7097661623108665
0.040229885057471264,0.5887850467289719,0.6962332928311057,0.8501971090670171,0.7207702888583218
0.040229885057471264,0.6261682242990654,0.7047387606318347,0.8685939553219448,0.7276478679504814
0.05459770114942529,0.6595460614152203,0.7120291616038882,0.8935611038107752,0.7482806052269602
0.07183908045977011,0.6742323097463284,0.7205346294046172,0.9080157687253614,0.7620357634112792
0.07471264367816093,0.7009345794392523,0.7229647630619684,0.911957950065703,0.781292984869326
0.10632183908045977,0.7222963951935915,0.7168894289185905,0.926412614980289,0.7950481430536451
0.10057471264367816,0.7383177570093458,0.7253948967193196,0.9290407358738502,0.81292984869326
0.11494252873563218,0.794392523364486,0.7205346294046172,0.9434954007884363,0.8390646492434664
0.1235632183908046,0.8010680907877169,0.7302551640340219,0.9592641261498029,0.8679504814305364
0.1206896551724138,0.8317757009345794,0.732685297691373,0.9632063074901446,0.9023383768913342
0.14655172413793102,0.8411214953271028,0.7217496962332929,0.9750328515111695,0.9270976616231087
0.15229885057471265,0.8571428571428571,0.7193195625759417,0.9776609724047306,0.9504814305364512
0.21551724137931033,0.87716955941255,0.7181044957472661,0.9842312746386334,0.9697386519944979
0.28448275862068967,0.8838451268357811,0.7266099635479951,1.0,0.9793672627235214
0.31896551724137934,0.9118825100133512,0.7399756986634265,0.9934640522875817,0.9889958734525447
0.382183908045977,0.9225634178905207,0.7569866342648846,0.9934640522875817,0.9862448418156808
0.4339080459770115,0.9359145527369827,0.7825030376670717,0.9816993464052287,1.0
0.5086206896551724,0.931909212283044,0.7946537059538274,0.9882352941176471,1.0
0.5775862068965517,0.9345794392523364,0.8031591737545565,0.9816993464052287,1.0
0.6063218390804598,0.9385847797062751,0.7995139732685298,0.9882352941176471,1.0
0.6206896551724138,0.9439252336448598,0.7982989064398542,0.9895424836601308,0.9972972972972973
0.6063218390804598,0.9145527369826435,0.8019441069258809,0.9921568627450981,0.9864864864864865
0.5747126436781609,0.9185580774365821,0.7946537059538274,0.9908496732026144,0.9837837837837838
0.5172413793103449,0.8918558077436582,0.7849331713244229,0.9934640522875817,0.9635135135135136
0.4454022988505747,0.8838451268357811,0.7691373025516404,0.9895424836601308,0.9554054054054054
0.3563218390804598,0.8397863818424566,0.7667071688942891,0.9830065359477124,0.9351351351351351
0.2672413793103448,0.8050734312416555,0.74726609963548,0.9098039215686274,0.9148648648648648
0.22701149425287356,0.7289719626168224,0.7278250303766707,0.8562091503267973,0.85
0.1839080459770115,0.6515353805073432,0.669501822600243,0.7843137254901961,0.7716216216216216
0.14655172413793102,0.5527369826435247,0.5722964763061968,0.730718954248366,0.6513513513513514
0.14367816091954022,0.4459279038718291,0.48116646415552855,0.6954248366013072,0.6135135135135135
0.13793103448275862,0.35246995994659547,0.42162818955042525,0.6470588235294118,0.5527027027027027
0.1206896551724138,0.2923898531375167,0.37424058323207776,0.5803921568627451,0.5067567567567568
0.10632183908045977,0.2336448598130841,0.3268529769137303,0.5241830065359477,0.4486486486486487
0.08333333333333333,0.1295060080106809,0.28797083839611176,0.47320261437908495,0.37972972972972974
0.06609195402298851,0.1054739652870494,0.23815309842041313,0.4339869281045752,0.34459459459459457
0.07183908045977011,0.0801068090787717,0.2065613608748481,0.40784313725490196,0.3054054054054054
0.05747126436781609,0.07343124165554073,0.17739975698663427,0.38562091503267976,0.2797297297297297
0.07758620689655173,0.06275033377837116,0.16038882138517618,0.37777777777777777,0.2594594594594595
0.06896551724137931,0.06141522029372497,0.15552855407047386,0.35294117647058826,0.2418918918918919
0.08333333333333333,0.0534045393858478,0.14823815309842042,0.34901960784313724,0.23108108108108108
0.08045977011494253,0.0534045393858478,0.1421628189550425,0.34248366013071896,0.22027027027027027
0.06609195402298851,0.0520694259012016,0.1445929526123937,0.3333333333333333,0.20810810810810812
0.04885057471264368,0.05740987983978638,0.13973268529769137,0.32941176470588235,0.20675675675675675
0.05172413793103448,0.049399198931909215,0.13973268529769137,0.330718954248366,0.20135135135135135
0.04597701149425287,0.050734312416555405,0.14580801944106925,0.3241830065359477,0.20810810810810812
0.040229885057471264,0.03871829105473965,0.15795868772782504,0.3215686274509804,0.21081081081081082
0.05747126436781609,0.05473965287049399,0.16889428918590524,0.3202614379084967,0.22162162162162163
0.05747126436781609,0.05874499332443257,0.20170109356014582,0.3281045751633987,0.23108108108108108
0.06321839080459771,0.08678237650200267,0.24179829890643986,0.34248366013071896,0.25675675675675674
0.07183908045977011,0.11214953271028037,0.32320777642770354,0.3843137254901961,0.2918918918918919
0.0603448275862069,0.14953271028037382,0.37667071688942894,0.4339869281045752,0.34324324324324323
0.07471264367816093,0.20160213618157544,0.4106925880923451,0.5333333333333333,0.4175675675675676
0.06896551724137931,0.24699599465954605,0.45443499392466585,0.5869281045751634,0.5
0.07758620689655173,0.29506008010680906,0.5078979343863913,0.6444444444444445,0.5837837837837838
0.08620689655172414,0.35647530040053405,0.574726609963548,0.6980392156862745,0.6662162162162162
0.10632183908045977,0.43658210947930576,0.6221142162818954,0.7529411764705882,0.6891891891891891
0.13218390804597702,0.5180240320427236,0.6634264884568651,0.8065359477124183,0.7054054054054054
0.15229885057471265,0.5914552736982643,0.6938031591737546,0.8418300653594771,0.727027027027027
0.16666666666666666,0.6435246995994659,0.707168894289186,0.8718954248366013,0.7405405405405405
0.14942528735632185,0.7156208277703605,0.7181044957472661,0.8849673202614379,0.7594594594594595
0.15517241379310345,0.7276368491321762,0.7229647630619684,0.9084967320261438,0.7716216216216216
0.15229885057471265,0.7676902536715621,0.7314702308626975,0.9215686274509803,0.7932432432432432
0.1724137931034483,0.7797062750333779,0.7217496962332929,0.9424836601307189,0.8040540540540541
0.16954022988505746,0.8010680907877169,0.7193195625759417,0.9450980392156862,0.822972972972973
0.1839080459770115,0.8170894526034713,0.7120291616038882,0.9477124183006536,0.8364864864864865
0.19540229885057472,0.8344459279038718,0.7059538274605103,0.9594771241830066,0.8472972972972973
0.19827586206896552,0.8437917222963952,0.7132442284325637,0.9581699346405229,0.8540540540540541
0.20402298850574713,0.8718291054739653,0.707168894289186,0.9686274509803922,0.8945945945945946
0.21839080459770116,0.8758344459279038,0.7095990279465371,0.9777777777777777,0.9121621621621622
0.23275862068965517,0.890520694259012,0.707168894289186,0.9803921568627451,0.9297297297297298
0.26436781609195403,0.9012016021361816,0.7144592952612394,0.9895424836601308,0.9445945945945946
0.29022988505747127,0.9065420560747663,0.7108140947752126,0.996078431372549,0.9608108108108108
0.3218390804597701,0.9292389853137517,0.715674362089915,0.9908496732026144,0.9756756756756757
0.3649425287356322,0.9532710280373832,0.7253948967193196,0.9895424836601308,0.9824324324324324
0.4051724137931034,0.9439252336448598,0.7290400972053463,0.996078431372549,0.977027027027027
0.4396551724137931,0.9572763684913218,0.7545565006075334,0.9869281045751634,0.977027027027027
0.48563218390804597,0.9599465954606141,0.7545565006075334,0.9895424836601308,0.981081081081081
0.49137931034482757,0.9666221628838452,0.764277035236938,0.9869281045751634,0.9824324324324324
0.5086206896551724,0.9692923898531375,0.764277035236938,0.9869281045751634,0.9878378378378379
0.5229885057471264,0.9546061415220294,0.7594167679222357,0.9947712418300654,0.9824324324324324
0.5114942528735632,0.945260347129506,0.7569866342648846,0.9973856209150327,0.9851351351351352
0.49137931034482757,0.9279038718291055,0.7606318347509113,0.9921568627450981,0.9702702702702702
0.4454022988505747,0.9185580774365821,0.7594167679222357,0.9869281045751634,0.9621621621621622
0.3448275862068966,0.8998664886515354,0.7569866342648846,0.9816993464052287,0.9540540540540541
0.28735632183908044,0.8651535380507344,0.755771567436209,0.9660130718954248,0.9310810810810811
0.23275862068965517,0.8144192256341789,0.7460510328068044,0.9320261437908497,0.8756756756756757
0.19827586206896552,0.6702269692923899,0.7253948967193196,0.8810457516339869,0.7905405405405406
0.16379310344827586,0.5473965287049399,0.6767922235722965,0.8104575163398693,0.7162162162162162
0.14080459770114942,0.4432576769025367,0.5856622114216282,0.7450980392156863,0.6716216216216216
0.13505747126436782,0.3431241655540721,0.42284325637910086,0.6379084967320261,0.55
0.13218390804597702,0.2857142857142857,0.3596597812879708,0.5712418300653594,0.48243243243243245
0.11494252873563218,0.22029372496662217,0.30741190765492105,0.5006535947712418,0.40675675675675677
0.10057471264367816,0.14018691588785046,0.26123936816524906,0.4522875816993464,0.3621621621621622
0.08620689655172414,0.11348464619492657,0.22600243013365734,0.4222222222222222,0.3256756756756757
0.07758620689655173,0.09078771695594126,0.1919805589307412,0.4013071895424837,0.2905405405405405
0.07758620689655173,0.08277703604806408,0.17618469015795868,0.38562091503267976,0.2716216216216216
0.07758620689655173,0.07476635514018691,0.16403402187120292,0.3686274509803922,0.25675675675675674
0.08045977011494253,0.07076101468624833,0.15309842041312272,0.3581699346405229,0.24324324324324326
0.08908045977011494,0.06809078771695594,0.14702308626974483,0.3503267973856209,0.23108108108108108
0.09195402298850575,0.06809078771695594,0.1445929526123937,0.3437908496732026,0.21621621621621623
0.08620689655172414,0.06809078771695594,0.15309842041312272,0.338562091503268,0.21216216216216216
0.07758620689655173,0.06542056074766354,0.1701093560145808,0.33725490196078434,0.21216216216216216
0.06896551724137931,0.08411214953271028,0.20048602673147023,0.3477124183006536,0.22837837837837838
0.08620689655172414,0.09746328437917223,0.25273390036452004,0.37516339869281046,0.25135135135135134
0.08333333333333333,0.1375166889185581,0.3037667071688943,0.4196078431372549,0.29864864864864865
0.10344827586206896,0.19893190921228304,0.33657351154313486,0.469281045751634,0.45
0.13505747126436782,0.24699599465954605,0.3754556500607533,0.515032679738562,0.5472972972972973
0.15229885057471265,0.2910547396528705,0.3997569866342649,0.5581699346405229,0.6121621621621621
0.14942528735632185,0.35246995994659547,0.44106925880923453,0.6078431372549019,0.6554054054054054
0.16954022988505746,0.4259012016021362,0.4933171324422843,0.681045751633987,0.6837837837837838
0.1781609195402299,0.5313751668891856,0.5540704738760632,0.7359477124183007,0.7013513513513514
0.1839080459770115,0.5740987983978638,0.5929526123936817,0.7843137254901961,0.722972972972973
0.1867816091954023,0.5927903871829105,0.6160388821385177,0.8156862745098039,0.7297297297297297
0.1781609195402299,0.6288384512683578,0.6342648845686513,0.8326797385620915,0.7472972972972973
0.20114942528735633,0.6448598130841121,0.6415552855407047,0.8496732026143791,0.7472972972972973
0.22126436781609196,0.6675567423230975,0.6524908869987849,0.8810457516339869,0.7527027027027027
0.22126436781609196,0.7022696929238985,0.6646415552855407,0.8928104575163399,0.7648648648648648
0.22988505747126436,0.7263017356475301,0.6743620899149453,0.9071895424836601,0.768918918918919
0.2471264367816092,0.7449933244325768,0.6865127582017011,0.9254901960784314,0.7837837837837838
0.2413793103448276,0.7610146862483311,0.6901579586877278,0.9320261437908497,0.7959459459459459
0.25,0.7890520694259012,0.6877278250303767,0.9437908496732026,0.8148648648648649
0.2988505747126437,0.8050734312416555,0.6962332928311057,0.9568627450980393,0.8337837837837838
0.33045977011494254,0.8331108144192256,0.7047387606318347,0.9594771241830066,0.8608108108108108
0.382183908045977,0.8798397863818425,0.7047387606318347,0.9686274509803922,0.8878378378378379
0.4482758620689655,0.8931909212283045,0.7120291616038882,0.9830065359477124,0.9108108108108108
0.4827586206896552,0.9185580774365821,0.7302551640340219,0.9816993464052287,0.9364864864864865
0.5287356321839081,0.9238985313751669,0.7448359659781288,0.9921568627450981,0.95
0.5431034482758621,0.9225634178905207,0.7545565006075334,0.9921568627450981,0.9581081081081081
0.5574712643678161,0.9359145527369827,0.7509113001215066,0.9908496732026144,0.9689189189189189
0.5660919540229885,0.931909212283044,0.7521263669501823,1.0,0.972972972972973
0.5574712643678161,0.9292389853137517,0.7569866342648846,0.9921671018276762,0.972972972972973
0.5545977011494253,0.9225634178905207,0.755771567436209,0.9921671018276762,0.972972972972973
0.5459770114942529,0.9025367156208278,0.7509113001215066,0.9973890339425587,0.9608108108108108
0.49712643678160917,0.9025367156208278,0.7460510328068044,0.9908616187989556,0.9540540540540541
0.3735632183908046,0.8744993324432577,0.7436208991494532,0.9817232375979112,0.9310810810810811
0.32471264367816094,0.8531375166889186,0.7351154313487241,0.9608355091383812,0.9121621621621622
0.28448275862068967,0.7556742323097463,0.7205346294046172,0.9386422976501305,0.8621621621621621
0.2413793103448276,0.7076101468624834,0.7035236938031592,0.891644908616188,0.8108108108108109
0.22413793103448276,0.6275033377837116,0.6743620899149453,0.8485639686684073,0.7554054054054054
0.1896551724137931,0.5500667556742324,0.560145808019441,0.7989556135770235,0.7202702702702702
0.1839080459770115,0.4779706275033378,0.4835965978128797,0.7454308093994778,0.7013513513513514
0.16379310344827586,0.40186915887850466,0.44471445929526127,0.6945169712793734,0.6702702702702703
0.13793103448275862,0.35781041388518026,0.40340218712029163,0.6057441253263708,0.6378378378378379
0.12931034482758622,0.30173564753004006,0.38031591737545567,0.5639686684073107,0.5932432432432433
0.10919540229885058,0.2696929238985314,0.353584447144593,0.5378590078328982,0.5108108108108108
0.10344827586206896,0.22696929238985314,0.330498177399757,0.5130548302872062,0.46756756756756757
0.09195402298850575,0.20026702269692923,0.30133657351154314,0.49477806788511747,0.4283783783783784
0.07758620689655173,0.17489986648865152,0.27946537059538273,0.46736292428198434,0.40135135135135136
0.09195402298850575,0.15620827770360482,0.25759416767922233,0.4516971279373368,0.37567567567567567
0.08333333333333333,0.14686248331108145,0.244228432563791,0.4308093994778068,0.3621621621621622
0.09770114942528736,0.14152202937249667,0.23207776427703525,0.41906005221932113,0.3472972972972973
0.08620689655172414,0.14552736982643524,0.2332928311057108,0.402088772845953,0.3364864864864865
0.09770114942528736,0.14285714285714285,0.24179829890643986,0.3968668407310705,0.32972972972972975
0.07183908045977011,0.157543391188251,0.26366950182260024,0.38511749347258484,0.3324324324324324
0.08333333333333333,0.16955941255006676,0.29890643985419196,0.3838120104438642,0.33783783783783783
0.07758620689655173,0.19492656875834447,0.33900364520048604,0.43342036553524804,0.3554054054054054
0.09770114942528736,0.22162883845126835,0.3730255164034022,0.4908616187989556,0.3891891891891892
0.11494252873563218,0.2616822429906542,0.4289185905224787,0.5326370757180157,0.4337837837837838
0.12931034482758622,0.32843791722296395,0.4726609963547995,0.5887728459530026,0.5824324324324325
0.15517241379310345,0.4098798397863818,0.5540704738760632,0.6723237597911227,0.6324324324324324
0.16666666666666666,0.4766355140186916,0.6257594167679222,0.7284595300261096,0.6662162162162162
0.14942528735632185,0.5460614152202937,0.6573511543134872,0.7728459530026109,0.6932432432432433
0.15517241379310345,0.5941255006675568,0.6889428918590522,0.8211488250652742,0.7108108108108108
0.1752873563218391,0.6795727636849133,0.7083839611178615,0.8681462140992167,0.7256756756756757
0.16954022988505746,0.6955941255006676,0.7229647630619684,0.8968668407310705,0.7364864864864865
0.1724137931034483,0.7129506008010681,0.7266099635479951,0.9086161879895561,0.754054054054054
0.1925287356321839,0.7209612817089452,0.7168894289185905,0.9190600522193212,0.7648648648648648
0.1896551724137931,0.7449933244325768,0.7205346294046172,0.9203655352480418,0.7756756756756756
0.20402298850574713,0.7636849132176236,0.7229647630619684,0.9308093994778068,0.7824324324324324
0.22126436781609196,0.7730307076101469,0.7266099635479951,0.9386422976501305,0.7851351351351351
0.21264367816091953,0.7823765020026703,0.7387606318347509,0.943864229765013,0.7932432432432432
0.20114942528735633,0.807743658210948,0.7424058323207776,0.9503916449086162,0.831081081081081
0.22126436781609196,0.8197596795727636,0.7375455650060754,0.9647519582245431,0.8486486486486486
0.2413793103448276,0.8184245660881175,0.7484811664641555,0.9686684073107049,0.8689189189189189
0.2959770114942529,0.8464619492656876,0.7545565006075334,0.9765013054830287,0.9027027027027027
0.33620689655172414,0.8544726301735648,0.7654921020656136,0.9882506527415144,0.9216216216216216
0.3706896551724138,0.8891855807743658,0.778857837181045,0.9869451697127938,0.9459459459459459
0.4051724137931034,0.8851802403204272,0.7897934386391251,0.9947780678851175,0.9513513513513514
0.43103448275862066,0.8998664886515354,0.7922235722964763,1.0,0.9621621621621622
0.4425287356321839,0.8958611481975968,0.8031591737545565,1.0,0.9662162162162162
0.4396551724137931,0.9052069425901201,0.8019441069258809,0.9987029831387808,0.972972972972973
0.4454022988505747,0.8891855807743658,0.8031591737545565,1.0,0.9689189189189189
0.42528735632183906,0.8891855807743658,0.8019441069258809,0.9922680412371134,0.972972972972973
0.4166666666666667,0.8785046728971962,0.7885783718104495,0.9896907216494846,0.9689189189189189
0.3735632183908046,0.8491321762349799,0.7849331713244229,0.9819587628865979,0.9418918918918919
0.3390804597701149,0.8237650200267023,0.772782503037667,0.9729381443298969,0.9135135135135135
0.27586206896551724,0.7890520694259012,0.7618469015795869,0.9445876288659794,0.8635135135135135
0.15517241379310345,0.6995994659546061,0.7436208991494532,0.8853092783505154,0.7756756756756756
0.11494252873563218,0.6101468624833111,0.6913730255164034,0.8247422680412371,0.7189189189189189
0.06896551724137931,0.3991989319092123,0.6099635479951397,0.7551546391752577,0.6864864864864865
0.06321839080459771,0.315086782376502,0.5091130012150669,0.6971649484536082,0.6405405405405405
0.04597701149425287,0.260347129506008,0.45443499392466585,0.6404639175257731,0.5837837837837838
0.04597701149425287,0.2096128170894526,0.37424058323207776,0.6056701030927835,0.5283783783783784
0.04597701149425287,0.17222963951935916,0.33657351154313486,0.5708762886597938,0.4756756756756757
0.04597701149425287,0.15353805073431243,0.2976913730255164,0.5347938144329897,0.42702702702702705
0.031609195402298854,0.1321762349799733,0.2709599027946537,0.4677835051546392,0.3891891891891892
0.031609195402298854,0.12550066755674233,0.24787363304981774,0.44587628865979384,0.3554054054054054
0.022988505747126436,0.11882510013351134,0.2332928311057108,0.42912371134020616,0.3216216216216216
0.011494252873563218,0.1081441922563418,0.2235722964763062,0.42010309278350516,0.30945945945945946
0.005747126436781609,0.1068090787716956,0.22235722964763063,0.4059278350515464,0.3054054054054054
0.017241379310344827,0.1041388518024032,0.212636695018226,0.4020618556701031,0.30405405405405406
0.02586206896551724,0.10013351134846461,0.23086269744835966,0.39819587628865977,0.3081081081081081
0.028735632183908046,0.12817089452603472,0.26852976913730253,0.4072164948453608,0.3310810810810811
0.04597701149425287,0.17757009345794392,0.31227217496962334,0.43943298969072164,0.3621621621621622
0.040229885057471264,0.2082777036048064,0.34750911300121506,0.4652061855670103,0.39594594594594595
0.04310344827586207,0.24299065420560748,0.393681652490887,0.49097938144329895,0.43243243243243246
0.03735632183908046,0.2696929238985314,0.43377885783718106,0.5193298969072165,0.4783783783783784
0.05172413793103448,0.32176234979973295,0.4580801944106926,0.5502577319587629,0.5337837837837838
0.06609195402298851,0.376502002670227,0.5091130012150669,0.6314432989690721,0.5783783783783784
0.07758620689655173,0.45260347129506007,0.5504252733900364,0.6713917525773195,0.6175675675675676
0.10632183908045977,0.5126835781041389,0.5917375455650061,0.7164948453608248,0.6486486486486487
0.11206896551724138,0.5634178905206942,0.6294046172539489,0.759020618556701,0.7013513513513514
0.11206896551724138,0.6141522029372497,0.6439854191980559,0.7912371134020618,0.7148648648648649
0.10919540229885058,0.6448598130841121,0.6597812879708383,0.8144329896907216,0.7297297297297297
0.1235632183908046,0.6622162883845126,0.6670716889428918,0.8402061855670103,0.7351351351351352
0.1235632183908046,0.6795727636849133,0.6877278250303767,0.8634020618556701,0.7445945945945946
0.13218390804597702,0.7209612817089452,0.7035236938031592,0.884020618556701,0.7581081081081081
0.15517241379310345,0.7409879839786382,0.7047387606318347,0.9033505154639175,0.7743243243243243
0.16379310344827586,0.7489986648865153,0.707168894289186,0.9149484536082474,0.7797297297297298
0.16666666666666666,0.7636849132176236,0.7217496962332929,0.9188144329896907,0.7878378378378378
0.1839080459770115,0.7863818424566088,0.7205346294046172,0.9226804123711341,0.7986486486486486
0.19827586206896552,0.7903871829105474,0.7302551640340219,0.9381443298969072,0.8013513513513514
0.1896551724137931,0.8130841121495327,0.7387606318347509,0.9394329896907216,0.8162162162162162
0.20114942528735633,0.8184245660881175,0.7448359659781288,0.9510309278350515,0.8297297297297297
0.20977011494252873,0.8277703604806409,0.7582017010935601,0.9600515463917526,0.8554054054054054
0.20977011494252873,0.8477970627503337,0.7667071688942891,0.9626288659793815,0.8702702702702703
0.23275862068965517,0.8664886515353805,0.7703523693803159,0.9664948453608248,0.8918918918918919
0.3132183908045977,0.8838451268357811,0.7752126366950183,0.9729381443298969,0.9108108108108108
0.3333333333333333,0.890520694259012,0.7922235722964763,0.9729381443298969,0.9283783783783783
0.3764367816091954,0.9252336448598131,0.7922235722964763,0.9755154639175257,0.9459459459459459
0.40229885057471265,0.9252336448598131,0.8007290400972054,0.979381443298969,0.9513513513513514
0.4224137931034483,0.9292389853137517,0.8031591737545565,0.979381443298969,0.9581081081081081
0.4281609195402299,0.9332443257676902,0.8007290400972054,0.979381443298969,0.9648648648648649
0.4454022988505747,0.9172229639519359,0.8019441069258809,0.9871134020618557,0.9608108108108108
0.4224137931034483,0.9172229639519359,0.8019441069258809,0.9871134020618557,0.9635135135135136
0.4224137931034483,0.9038718291054739,0.7922235722964763,0.9896907216494846,0.9621621621621622
0.382183908045977,0.897196261682243,0.7934386391251519,0.9806701030927835,0.9581081081081081
0.34770114942528735,0.8851802403204272,0.7849331713244229,0.9742268041237113,0.9432432432432433
0.3132183908045977,0.8451268357810414,0.7800729040097205,0.9639175257731959,0.9175675675675675
0.27011494252873564,0.8117489986648865,0.7618469015795869,0.9368556701030928,0.8878378378378379
0.1781609195402299,0.7436582109479306,0.7424058323207776,0.8878865979381443,0.8256756756756757
0.15517241379310345,0.6809078771695594,0.6877278250303767,0.8260309278350515,0.7648648648648648
0.14367816091954022,0.45794392523364486,0.6123936816524909,0.7628865979381443,0.7135135135135136
0.11781609195402298,0.37917222963951935,0.5309842041312273,0.6997422680412371,0.6810810810810811
0.11494252873563218,0.2923898531375167,0.46537059538274606,0.6481958762886598,0.6297297297297297
0.10919540229885058,0.2349799732977303,0.3827460510328068,0.5992268041237113,0.581081081081081
0.10632183908045977,0.20026702269692923,0.3560145808019441,0.5567010309278351,0.5337837837837838
0.10057471264367816,0.17089452603471295,0.33171324422843257,0.5270618556701031,0.4972972972972973
0.09482758620689655,0.15353805073431243,0.3110571081409477,0.4832474226804124,0.4648648648648649
0.08620689655172414,0.14285714285714285,0.2928311057108141,0.4639175257731959,0.4391891891891892
0.07471264367816093,0.1308411214953271,0.2770352369380316,0.44458762886597936,0.4
0.07471264367816093,0.12416555407209613,0.2648845686512758,0.43041237113402064,0.39054054054054055
0.07471264367816093,0.11748998664886515,0.25394896719319565,0.4175257731958763,0.37972972972972974
0.08333333333333333,0.11748998664886515,0.2503037667071689,0.4072164948453608,0.372972972972973
0.08333333333333333,0.11748998664886515,0.24908869987849333,0.39819587628865977,0.3675675675675676
0.08908045977011494,0.12817089452603472,0.25273390036452004,0.3917525773195876,0.3635135135135135
0.08045977011494253,0.1348464619492657,0.2660996354799514,0.3904639175257732,0.36486486486486486
0.07183908045977011,0.14285714285714285,0.2976913730255164,0.3904639175257732,0.3675675675675676
0.06609195402298851,0.14552736982643524,0.3110571081409477,0.39690721649484534,0.37432432432432433
0.07183908045977011,0.15353805073431243,0.32806804374240583,0.4059278350515464,0.3824324324324324
0.08045977011494253,0.17489986648865152,0.3450789793438639,0.44329896907216493,0.3945945945945946
0.10632183908045977,0.2162883845126836,0.3754556500607533,0.47680412371134023,0.4175675675675676
0.12643678160919541,0.25634178905206945,0.41433778857837184,0.5193298969072165,0.5054054054054054
0.14655172413793102,0.3204272363150868,0.45929526123936815,0.5708762886597938,0.5635135135135135
0.15229885057471265,0.3978638184245661,0.5188335358444714,0.6301546391752577,0.6054054054054054
0.12931034482758622,0.4739652870493992,0.5929526123936817,0.6958762886597938,0.6472972972972973
0.12931034482758622,0.5447263017356475,0.6427703523693803,0.7512886597938144,0.6756756756756757
0.13505747126436782,0.6608811748998665,0.6780072904009721,0.7989690721649485,0.6932432432432433
0.14942528735632185,0.6995994659546061,0.6986634264884569,0.8337628865979382,0.7094594594594594
0.1752873563218391,0.7409879839786382,0.7108140947752126,0.8608247422680413,0.7256756756756757
0.1810344827586207,0.7676902536715621,0.7290400972053463,0.8853092783505154,0.7445945945945946
0.1896551724137931,0.794392523364486,0.732685297691373,0.8994845360824743,0.7581081081081081
0.20114942528735633,0.8064085447263017,0.7278250303766707,0.9175257731958762,0.772972972972973
0.20977011494252873,0.8197596795727636,0.7314702308626975,0.9265463917525774,0.7797297297297298
0.20977011494252873,0.835781041388518,0.7375455650060754,0.9368556701030928,0.7932432432432432
0.20689655172413793,0.8544726301735648,0.7436208991494532,0.9471649484536082,0.8554054054054054
0.22701149425287356,0.8731642189586115,0.7424058323207776,0.9536082474226805,0.8932432432432432
0.29310344827586204,0.8851802403204272,0.7399756986634265,0.9587628865979382,0.9243243243243243
0.33620689655172414,0.9025367156208278,0.7448359659781288,0.970360824742268,0.9445945945945946
0.3879310344827586,0.9158878504672897,0.7582017010935601,0.9755154639175257,0.9540540540540541
0.4396551724137931,0.9506008010680908,0.7715674362089915,0.979381443298969,0.9540540540540541
0.47126436781609193,0.9599465954606141,0.778857837181045,0.9832474226804123,0.95
0.4827586206896552,0.9612817089452603,0.7825030376670717,0.9845360824742269,0.9513513513513514
0.4942528735632184,0.9626168224299065,0.7910085054678008,0.9832474226804123,0.9554054054054054
0.5114942528735632,0.9612817089452603,0.7982989064398542,0.9832474226804123,0.9567567567567568
0.514367816091954,0.9559412550066756,0.7970838396111786,0.9819587628865979,0.9581081081081081
0.5201149425287356,0.9546061415220294,0.7946537059538274,0.9819587628865979,0.9581081081081081
0.514367816091954,0.9506008010680908,0.7897934386391251,0.9819587628865979,0.9527027027027027
0.49712643678160917,0.9439252336448598,0.7837181044957473,0.9819587628865979,0.9445945945945946
0.46551724137931033,0.9345794392523364,0.7825030376670717,0.9806701030927835,0.9364864864864865
0.3505747126436782,0.9185580774365821,0.7861482381530984,0.9755154639175257,0.9297297297297298
0.26436781609195403,0.897196261682243,0.787363304981774,0.9690721649484536,0.918918918918919
0.20114942528735633,0.8277703604806409,0.7752126366950183,0.9523195876288659,0.8824324324324324
0.15229885057471265,0.7663551401869159,0.7630619684082625,0.9149484536082474,0.8094594594594594
0.1235632183908046,0.6822429906542056,0.7375455650060754,0.8530927835051546,0.7432432432432432
0.10344827586206896,0.5834445927903872,0.5905224787363305,0.7822164948453608,0.6972972972972973
0.08620689655172414,0.4699599465954606,0.4896719319562576,0.7229381443298969,0.6621621621621622
0.07471264367816093,0.37383177570093457,0.4289185905224787,0.6146907216494846,0.6175675675675676
0.05747126436781609,0.2910547396528705,0.3754556500607533,0.5554123711340206,0.5513513513513514
0.031609195402298854,0.22429906542056074,0.33171324422843257,0.5115979381443299,0.49324324324324326
0.020114942528735632,0.17623497997329773,0.3001215066828676,0.47551546391752575,0.3918918918918919
0.017241379310344827,0.14686248331108145,0.2648845686512758,0.44716494845360827,0.35945945945945945
0.028735632183908046,0.1268357810413885,0.23207776427703525,0.42783505154639173,0.33918918918918917
0.03735632183908046,0.11481975967957277,0.21020656136087484,0.41365979381443296,0.32432432432432434
0.04597701149425287,0.11214953271028037,0.19927095990279464,0.4020618556701031,0.31486486486486487
0.04885057471264368,0.1081441922563418,0.18955042527339003,0.3917525773195876,0.30405405405405406
0.040229885057471264,0.102803738317757,0.18833535844471447,0.3853092783505155,0.29864864864864865
0.03735632183908046,0.102803738317757,0.18712029161603888,0.3788659793814433,0.2945945945945946
0.03735632183908046,0.10013351134846461,0.19805589307411908,0.37371134020618557,0.2918918918918919
0.04310344827586207,0.1068090787716956,0.23693803159173754,0.3698453608247423,0.29864864864864865
0.0603448275862069,0.12817089452603472,0.28797083839611176,0.3788659793814433,0.3162162162162162
0.08045977011494253,0.15353805073431243,0.3244228432563791,0.41494845360824745,0.3472972972972973
0.10344827586206896,0.17623497997329773,0.35479951397326853,0.45618556701030927,0.40405405405405403
0.11494252873563218,0.19759679572763686,0.38153098420413123,0.48711340206185566,0.4337837837837838
0.1235632183908046,0.2349799732977303,0.40704738760631837,0.5128865979381443,0.47297297297297297
0.12643678160919541,0.27102803738317754,0.4204131227217497,0.5425257731958762,0.5148648648648648
0.1206896551724138,0.3164218958611482,0.43013365735115433,0.5657216494845361,0.5540540540540541
0.11781609195402298,0.3671562082777036,0.4313487241798299,0.5786082474226805,0.5783783783783784
0.11494252873563218,0.3818424566088118,0.43013365735115433,0.5837628865979382,0.5905405405405405
0.1235632183908046,0.40186915887850466,0.43256379100850545,0.595360824742268,0.6027027027027027
0.14080459770114942,0.4472630173564753,0.4945321992709599,0.6185567010309279,0.6229729729729729
0.16379310344827586,0.4979973297730307,0.5419198055893074,0.6726804123711341,0.6527027027027027
0.1839080459770115,0.5460614152202937,0.583232077764277,0.770618556701031,0.6797297297297298
0.1925287356321839,0.57543391188251,0.6075334143377886,0.7989690721649485,0.6972972972972973
0.19540229885057472,0.6008010680907877,0.6281895504252734,0.8247422680412371,0.7067567567567568
0.1896551724137931,0.6275033377837116,0.6488456865127582,0.8492268041237113,0.727027027027027
0.1867816091954023,0.664886515353805,0.6743620899149453,0.8775773195876289,0.7405405405405405
0.20689655172413793,0.7009345794392523,0.692588092345079,0.9020618556701031,0.7527027027027027
0.22701149425287356,0.7436582109479306,0.7120291616038882,0.9239690721649485,0.7716216216216216
0.2442528735632184,0.774365821094793,0.7253948967193196,0.9355670103092784,0.7851351351351351
0.2471264367816092,0.8317757009345794,0.7363304981773997,0.9445876288659794,0.7959459459459459
0.25,0.8544726301735648,0.741190765492102,0.9523195876288659,0.8256756756756757
0.2557471264367816,0.8678237650200267,0.7436208991494532,0.9626288659793815,0.8729729729729729
0.27298850574712646,0.8865153538050734,0.7484811664641555,0.9716494845360825,0.9148648648648648
0.29310344827586204,0.8945260347129506,0.7533414337788579,0.9806701030927835,0.9418918918918919
0.33620689655172414,0.9092122830440588,0.7667071688942891,0.9935567010309279,0.9540540540540541
0.3879310344827586,0.9118825100133512,0.7715674362089915,0.9884020618556701,0.9594594594594594
0.4454022988505747,0.9198931909212283,0.7800729040097205,0.9845360824742269,0.9581081081081081
0.47988505747126436,0.9265687583444593,0.7825030376670717,0.9819587628865979,0.9567567567567568
0.5,0.9305740987983978,0.7861482381530984,0.9832474226804123,0.9554054054054054
0.48563218390804597,0.9225634178905207,0.787363304981774,0.9819587628865979,0.9527027027027027
0.45689655172413796,0.9198931909212283,0.7897934386391251,0.9858247422680413,0.9527027027027027
0.4109195402298851,0.8798397863818425,0.7849331713244229,0.9858247422680413,0.9486486486486486
0.367816091954023,0.8638184245660881,0.772782503037667,0.9819587628865979,0.9445945945945946
0.3160919540229885,0.8210947930574098,0.7460510328068044,0.9368556701030928,0.8662162162162163
0.22126436781609196,0.7409879839786382,0.7083839611178615,0.875,0.7675675675675676
0.1752873563218391,0.6234979973297731,0.6160388821385177,0.7667525773195877,0.6986486486486486
0.13218390804597702,0.4886515353805073,0.47630619684082626,0.6817010309278351,0.654054054054054
0.09482758620689655,0.2616822429906542,0.3754556500607533,0.5695876288659794,0.5702702702702702
0.06896551724137931,0.19759679572763686,0.26852976913730253,0.48711340206185566,0.4689189189189189
0.06609195402298851,0.15086782376502003,0.19562575941676794,0.43041237113402064,0.37567567567567567
0.06609195402298851,0.11882510013351134,0.17253948967193194,0.3917525773195876,0.29864864864864865
0.07471264367816093,0.1041388518024032,0.1543134872417983,0.3646907216494845,0.2554054054054054
0.08045977011494253,0.09612817089452604,0.13973268529769137,0.3440721649484536,0.22027027027027027
0.07758620689655173,0.09078771695594126,0.12636695018226002,0.3389175257731959,0.1918918918918919
0.07758620689655173,0.08411214953271028,0.11543134872417983,0.3337628865979381,0.1581081081081081
0.07183908045977011,0.0814419225634179,0.10814094775212636,0.33118556701030927,0.15135135135135136
0.0603448275862069,0.07610146862483311,0.10206561360874848,0.32216494845360827,0.1472972972972973
0.04885057471264368,0.07209612817089453,0.10571081409477522,0.3131443298969072,0.14864864864864866
0.05172413793103448,0.06942590120160214,0.13487241798298907,0.3079896907216495,0.1581081081081081
0.06609195402298851,0.11615487316421896,0.17496962332928312,0.3131443298969072,0.1810810810810811
0.09195402298850575,0.16955941255006676,0.2709599027946537,0.36082474226804123,0.22972972972972974
0.11781609195402298,0.2376502002670227,0.36573511543134873,0.4536082474226804,0.2851351351351351
0.12931034482758622,0.2883845126835781,0.49817739975698666,0.5193298969072165,0.36486486486486486
0.14367816091954022,0.3471295060080107,0.5674362089914945,0.5708762886597938,0.4581081081081081
0.14367816091954022,0.40186915887850466,0.6160388821385177,0.6829896907216495,0.5405405405405406
0.14942528735632185,0.46194926568758343,0.6488456865127582,0.7242268041237113,0.5945945945945946
0.15804597701149425,0.5126835781041389,0.6743620899149453,0.7667525773195877,0.6270270270270271
0.16666666666666666,0.5647530040053405,0.7023086269744836,0.8157216494845361,0.6851351351351351
0.1896551724137931,0.6114819759679573,0.7168894289185905,0.8518041237113402,0.7054054054054054
0.20977011494252873,0.6435246995994659,0.7229647630619684,0.8724226804123711,0.722972972972973
0.21551724137931033,0.6755674232309746,0.7302551640340219,0.8878865979381443,0.731081081081081
0.20689655172413793,0.6929238985313751,0.7363304981773997,0.9007731958762887,0.7391891891891892
0.20114942528735633,0.7343124165554072,0.7496962332928311,0.9162371134020618,0.7472972972972973
0.20114942528735633,0.7489986648865153,0.7606318347509113,0.9291237113402062,0.7567567567567568
0.21551724137931033,0.7663551401869159,0.772782503037667,0.9407216494845361,0.7648648648648648
0.21551724137931033,0.7783711615487316,0.7752126366950183,0.9458762886597938,0.772972972972973
0.22413793103448276,0.7970627503337784,0.7776427703523694,0.9523195876288659,0.7797297297297298
0.22988505747126436,0.8157543391188251,0.7849331713244229,0.9600515463917526,0.7851351351351351
0.22988505747126436,0.8304405874499332,0.787363304981774,0.961340206185567,0.7932432432432432
0.23275862068965517,0.8464619492656876,0.7922235722964763,0.9652061855670103,0.8027027027027027
0.23275862068965517,0.8571428571428571,0.7970838396111786,0.970360824742268,0.8121621621621622
0.22701149425287356,0.8638184245660881,0.795868772782503,0.9780927835051546,0.8202702702702702
0.25,0.8744993324432577,0.7922235722964763,0.9845360824742269,0.8337837837837838
0.2672413793103448,0.8785046728971962,0.7885783718104495,0.9896907216494846,0.8567567567567568
0.3017241379310345,0.8945260347129506,0.7837181044957473,0.9922680412371134,0.8851351351351351
0.34770114942528735,0.910547396528705,0.787363304981774,0.9987113402061856,0.9135135135135135
0.4109195402298851,0.9238985313751669,0.795868772782503,0.9961340206185567,0.9297297297297298
0.45977011494252873,0.9345794392523364,0.8055893074119077,0.9961340206185567,0.9405405405405406
0.4885057471264368,0.9425901201602136,0.8092345078979344,0.9948453608247423,0.9418918918918919
0.4942528735632184,0.9425901201602136,0.8092345078979344,0.9987113402061856,0.9405405405405406
0.49137931034482757,0.9385847797062751,0.8092345078979344,1.0,0.9405405405405406
0.47701149425287354,0.9252336448598131,0.8055893074119077,1.0,0.9391891891891891
0.4540229885057471,0.9145527369826435,0.8007290400972054,1.0,0.9297297297297298
0.41954022988505746,0.8918558077436582,0.7934386391251519,0.9961489088575096,0.9162162162162162
0.33045977011494254,0.8731642189586115,0.7861482381530984,0.9845956354300385,0.8905405405405405
0.26436781609195403,0.8397863818424566,0.7812879708383961,0.9614890885750963,0.8472972972972973
0.21839080459770116,0.7810413885180241,0.7667071688942891,0.9152759948652118,0.7810810810810811
0.1752873563218391,0.5660881174899867,0.7278250303766707,0.8292682926829268,0.7094594594594594
0.14367816091954022,0.43391188251001334,0.6500607533414338,0.7419768934531451,0.6216216216216216
0.12643678160919541,0.32309746328437916,0.4471445929526124,0.6893453145057766,0.55
0.10632183908045977,0.24566088117489987,0.393681652490887,0.6110397946084724,0.4689189189189189
0.09195402298850575,0.1829105473965287,0.34143377885783716,0.5365853658536586,0.3608108108108108
0.07758620689655173,0.14419225634178906,0.2916160388821385,0.45186136071887034,0.31486486486486487
0.07471264367816093,0.1295060080106809,0.24301336573511542,0.4287548138639281,0.28783783783783784
0.06896551724137931,0.11748998664886515,0.21628189550425272,0.41335044929396664,0.2472972972972973
0.05747126436781609,0.1081441922563418,0.20048602673147023,0.40436456996148906,0.23378378378378378
0.03735632183908046,0.102803738317757,0.18833535844471447,0.3979460847240051,0.22567567567567567
0.020114942528735632,0.09746328437917223,0.181044957472661,0.392811296534018,0.22162162162162163
0.02586206896551724,0.09078771695594126,0.17496962332928312,0.3851091142490372,0.21891891891891893
0.031609195402298854,0.08811748998664887,0.17253948967193194,0.37869062901155326,0.22162162162162163
0.040229885057471264,0.09746328437917223,0.17739975698663427,0.3722721437740693,0.23108108108108108
0.040229885057471264,0.1081441922563418,0.19927095990279464,0.3684210526315789,0.24594594594594596
0.03735632183908046,0.12550066755674233,0.2600243013365735,0.36970474967907574,0.2662162162162162
0.04310344827586207,0.14686248331108145,0.2916160388821385,0.3735558408215661,0.2864864864864865
0.040229885057471264,0.16421895861148197,0.31470230862697446,0.42233632862644416,0.30945945945945946
0.03735632183908046,0.1909212283044059,0.3353584447144593,0.4492939666238768,0.34054054054054056
0.05172413793103448,0.22563417890520696,0.353584447144593,0.4711168164313222,0.42702702702702705
0.06609195402298851,0.2576769025367156,0.36330498177399756,0.49165596919127086,0.47162162162162163
0.08333333333333333,0.2923898531375167,0.3718104495747266,0.5134788189987163,0.5081081081081081
0.11206896551724138,0.3257676902536716,0.3839611178614824,0.5391527599486521,0.5391891891891892
0.1206896551724138,0.3671562082777036,0.40583232077764275,0.5699614890885751,0.5689189189189189
0.12931034482758622,0.45660881174899864,0.4374240583232078,0.6225930680359435,0.6094594594594595
0.14080459770114942,0.5166889185580774,0.479951397326853,0.686777920410783,0.6432432432432432
0.15804597701149425,0.57543391188251,0.5358444714459295,0.7419768934531451,0.6702702702702703
0.1810344827586207,0.630173564753004,0.637910085054678,0.7933247753530167,0.6905405405405406
0.19540229885057472,0.6728971962616822,0.675577156743621,0.8408215661103979,0.7108108108108108
0.21551724137931033,0.7249666221628839,0.7132442284325637,0.9075738125802311,0.7283783783783784
0.22701149425287356,0.7636849132176236,0.732685297691373,0.9229781771501926,0.7445945945945946
0.25,0.8010680907877169,0.7521263669501823,0.9332477535301669,0.7527027027027027
0.27873563218390807,0.8277703604806409,0.7606318347509113,0.9396662387676509,0.7756756756756756
0.2959770114942529,0.8397863818424566,0.7654921020656136,0.9460847240051348,0.7864864864864864
0.3074712643678161,0.8451268357810414,0.7691373025516404,0.9550706033376123,0.8013513513513514
0.3132183908045977,0.8544726301735648,0.7691373025516404,0.9666238767650834,0.8256756756756757
0.33045977011494254,0.8571428571428571,0.7654921020656136,0.975609756097561,0.85
0.3649425287356322,0.8744993324432577,0.7582017010935601,0.982028241335045,0.8743243243243243
0.39655172413793105,0.8878504672897196,0.7545565006075334,0.9884467265725289,0.8932432432432432
0.4339080459770115,0.8985313751668892,0.7654921020656136,0.9910141206675225,0.9027027027027027
0.48563218390804597,0.9132176234979973,0.7764277035236938,0.993581514762516,0.9121621621621622
0.5431034482758621,0.9279038718291055,0.7837181044957473,0.9897304236200257,0.9162162162162162
0.5919540229885057,0.9359145527369827,0.7861482381530984,0.993581514762516,0.9202702702702703
0.6235632183908046,0.9359145527369827,0.787363304981774,0.9961489088575096,0.9243243243243243
0.6379310344827587,0.9305740987983978,0.7849331713244229,0.9974326059050064,0.9283783783783783
0.617816091954023,0.9172229639519359,0.7752126366950183,0.9987163029525032,0.927027027027027
0.5057471264367817,0.9118825100133512,0.7752126366950183,0.9961489088575096,0.9162162162162162
0.4224137931034483,0.8998664886515354,0.7691373025516404,0.9922978177150192,0.904054054054054
0.3448275862068966,0.8397863818424566,0.7703523693803159,0.9794608472400513,0.8743243243243243
0.26436781609195403,0.7650200267022697,0.7752126366950183,0.9589216944801027,0.8283783783783784
0.21839080459770116,0.6688918558077437,0.7509113001215066,0.9037227214377407,0.7567567567567568
0.1867816091954023,0.5246995994659546,0.583232077764277,0.7933247753530167,0.6797297297297298
0.16954022988505746,0.39118825100133514,0.4629404617253949,0.7008985879332478,0.5756756756756757
0.16379310344827586,0.2857142857142857,0.37910085054678005,0.47753530166880614,0.4783783783783784
0.14367816091954022,0.2096128170894526,0.3037667071688943,0.44030808729139925,0.3567567567567568
0.10632183908045977,0.16154873164218958,0.25880923450789795,0.4197689345314506,0.2945945945945946
0.10057471264367816,0.14285714285714285,0.22600243013365734,0.4069319640564827,0.22837837837837838
0.09482758620689655,0.12550066755674233,0.20534629404617255,0.3979460847240051,0.21081081081081082
0.0603448275862069,0.11882510013351134,0.19441069258809235,0.39152759948652116,0.20270270270270271
0.05747126436781609,0.11214953271028037,0.18712029161603888,0.386392811296534,0.19864864864864865
0.05747126436781609,0.1054739652870494,0.17861482381530985,0.3774069319640565,0.1972972972972973
0.05747126436781609,0.102803738317757,0.17496962332928312,0.37098844672657255,0.19864864864864865
0.06321839080459771,0.1041388518024032,0.17253948967193194,0.3632862644415918,0.20135135135135135
0.06321839080459771,0.11214953271028037,0.18469015795868773,0.355584082156611,0.20810810810810812
0.05459770114942529,0.12149532710280374,0.20291616038882138,0.35301668806161746,0.22297297297297297
0.04310344827586207,0.1348464619492657,0.22478736330498178,0.35686777920410784,0.24324324324324326
0.034482758620689655,0.1588785046728972,0.2515188335358445,0.37098844672657255,0.2662162162162162
0.028735632183908046,0.17623497997329773,0.27217496962332927,0.38382541720154045,0.29324324324324325
0.031609195402298854,0.20160213618157544,0.2818955042527339,0.40051347881899874,0.35945945945945945
0.034482758620689655,0.22563417890520696,0.28068043742405835,0.42105263157894735,0.3932432432432432
0.05747126436781609,0.24966622162883845,0.28554070473876064,0.4441591784338896,0.42702702702702705
0.0603448275862069,0.28304405874499333,0.3134872417982989,0.4813863928112965,0.4635135135135135
0.06321839080459771,0.3164218958611482,0.33171324422843257,0.5134788189987163,0.4905405405405405
0.06609195402298851,0.38050734312416556,0.3450789793438639,0.5391527599486521,0.5202702702702703
0.06321839080459771,0.4098798397863818,0.39125151883353587,0.6007702182284981,0.5797297297297297
0.06896551724137931,0.4432576769025367,0.42770352369380316,0.6469833119383825,0.6148648648648649
0.09770114942528736,0.4766355140186916,0.4726609963547995,0.7008985879332478,0.6472972972972973
0.11494252873563218,0.5180240320427236,0.5164034021871203,0.7406931964056482,0.6675675675675675
0.13505747126436782,0.5580774365821095,0.5722964763061968,0.7830551989730423,0.6851351351351351
0.14655172413793102,0.6728971962616822,0.6366950182260024,0.8318356867779204,0.7027027027027027
0.15229885057471265,0.7276368491321762,0.701093560145808,0.8818998716302953,0.7216216216216216
0.16091954022988506,0.774365821094793,0.772782503037667,0.9178433889602053,0.7364864864864865
0.1781609195402299,0.8024032042723631,0.7849331713244229,0.9358151476251605,0.7554054054054054
0.1925287356321839,0.8197596795727636,0.7885783718104495,0.9460847240051348,0.7662162162162162
0.20977011494252873,0.8277703604806409,0.787363304981774,0.9653401797175867,0.7851351351351351
0.22126436781609196,0.8411214953271028,0.7837181044957473,0.9691912708600771,0.8189189189189189
0.2413793103448276,0.8504672897196262,0.778857837181045,0.9743260590500642,0.8770270270270271
0.2557471264367816,0.8598130841121495,0.7752126366950183,0.9730423620025674,0.8891891891891892
0.29310344827586204,0.8651535380507344,0.7764277035236938,0.9743260590500642,0.8932432432432432
0.3275862068965517,0.8744993324432577,0.7776427703523694,0.975609756097561,0.9
0.35919540229885055,0.8798397863818425,0.7837181044957473,0.9794608472400513,0.904054054054054
0.3994252873563218,0.890520694259012,0.787363304981774,0.9807445442875481,0.9054054054054054
0.4109195402298851,0.8878504672897196,0.7922235722964763,0.9845956354300385,0.9067567567567567
0.41954022988505746,0.8851802403204272,0.7897934386391251,0.9884467265725289,0.9094594594594595
0.41954022988505746,0.8851802403204272,0.7897934386391251,0.9897304236200257,0.9054054054054054
0.40229885057471265,0.87716955941255,0.7885783718104495,0.9897304236200257,0.9013513513513514
0.35919540229885055,0.8664886515353805,0.787363304981774,0.982028241335045,0.8905405405405405
0.3045977011494253,0.8504672897196262,0.7995139732685298,0.975609756097561,0.8662162162162163
0.23850574712643677,0.8024032042723631,0.804374240583232,0.9602053915275995,0.7837837837837838
0.1867816091954023,0.7316421895861148,0.7897934386391251,0.9088575096277278,0.7351351351351352
0.14080459770114942,0.6208277703604806,0.7521263669501823,0.8061617458279846,0.672972972972973
0.10344827586206896,0.5126835781041389,0.6366950182260024,0.7175866495507061,0.5972972972972973
0.10632183908045977,0.3978638184245661,0.49696233292831105,0.631578947368421,0.5081081081081081
0.09770114942528736,0.2349799732977303,0.4094775212636695,0.5314505776636713,0.3878378378378378
0.0603448275862069,0.16688918558077437,0.34264884568651277,0.4621309370988447,0.2891891891891892
0.028735632183908046,0.1375166889185581,0.2891859052247874,0.43902439024390244,0.2472972972972973
0.011494252873563218,0.11748998664886515,0.2187120291616039,0.41335044929396664,0.20270270270270271
0.0,0.1068090787716956,0.20413122721749696,0.3992297817715019,0.17162162162162162
0.0,0.09746328437917223,0.19076549210206561,0.392811296534018,0.15135135135135136
0.0,0.09212283044058744,0.1822600243013366,0.39152759948652116,0.13918918918918918
0.0,0.08811748998664887,0.17132442284325639,0.3851091142490372,0.13108108108108107
0.0,0.08411214953271028,0.16281895504252733,0.3761232349165597,0.11891891891891893
0.0056179775280898875,0.08411214953271028,0.16038882138517618,0.36713735558408217,0.11486486486486487
0.008426966292134831,0.08544726301735647,0.16281895504252733,0.3594351732991014,0.11486486486486487
0.0056179775280898875,0.08945260347129506,0.17253948967193194,0.3504492939666239,0.12162162162162163
0.0,0.09345794392523364,0.19076549210206561,0.3478818998716303,0.14594594594594595
0.0028089887640449437,0.11615487316421896,0.2235722964763062,0.355584082156611,0.18513513513513513
0.014044943820224719,0.1348464619492657,0.267314702308627,0.37997432605905007,0.22297297297297297
0.03089887640449438,0.16421895861148197,0.3450789793438639,0.4159178433889602,0.2662162162162162
0.047752808988764044,0.2082777036048064,0.38517618469015796,0.46084724005134786,0.3202702702702703
0.07584269662921349,0.27369826435246997,0.41798298906439857,0.5044929396662388,0.39054054054054055
0.10112359550561797,0.3364485981308411,0.4665856622114216,0.6007702182284981,0.48243243243243245
0.12640449438202248,0.4205607476635514,0.5358444714459295,0.6700898587933247,0.5675675675675675
0.1404494382022472,0.5113484646194927,0.5953827460510328,0.7317073170731707,0.6527027027027027
0.13764044943820225,0.5807743658210948,0.6415552855407047,0.785622593068036,0.677027027027027
0.14606741573033707,0.6568758344459279,0.6889428918590522,0.8446726572528883,0.7
0.21348314606741572,0.7276368491321762,0.7266099635479951,0.8921694480102695,0.7297297297297297
0.2443820224719101,0.7850467289719626,0.74726609963548,0.9114249037227214,0.7513513513513513
0.2612359550561798,0.8464619492656876,0.7509113001215066,0.920410783055199,0.7675675675675676
0.25842696629213485,0.8584779706275033,0.7509113001215066,0.9306803594351734,0.7959459459459459
0.26685393258426965,0.8731642189586115,0.74726609963548,0.9422336328626444,0.8351351351351352
0.2752808988764045,0.8891855807743658,0.7569866342648846,0.9512195121951219,0.8770270270270271
0.2949438202247191,0.9012016021361816,0.7715674362089915,0.962772785622593,0.9121621621621622
0.32303370786516855,0.9132176234979973,0.7800729040097205,0.9768934531450578,0.9364864864864865
0.35674157303370785,0.9225634178905207,0.7837181044957473,0.9807445442875481,0.9486486486486486
0.3960674157303371,0.9292389853137517,0.7849331713244229,0.9768934531450578,0.9527027027027027
0.4438202247191011,0.9399198931909212,0.7849331713244229,0.975609756097561,0.9581081081081081
0.49157303370786515,0.9479305740987984,0.7812879708383961,0.9691912708600771,0.9567567567567568
0.5449438202247191,0.9626168224299065,0.7812879708383961,0.9691912708600771,0.9594594594594594
0.547752808988764,0.9666221628838452,0.7825030376670717,0.9679075738125802,0.9581081081081081
0.5337078651685393,0.9732977303070761,0.7885783718104495,0.9704749679075738,0.9581081081081081
0.5112359550561798,0.9639519359145527,0.7946537059538274,0.9704749679075738,0.9567567567567568
0.4887640449438202,0.9492656875834445,0.8007290400972054,0.9743260590500642,0.9567567567567568
0.4550561797752809,0.9345794392523364,0.8068043742405833,0.9704749679075738,0.9513513513513514
0.4101123595505618,0.9118825100133512,0.8116646415552855,0.9653401797175867,0.9432432432432433
0.3651685393258427,0.8878504672897196,0.8153098420413123,0.9589216944801027,0.927027027027027
0.29213483146067415,0.8504672897196262,0.8019441069258809,0.9088575096277278,0.8810810810810811
0.23595505617977527,0.7757009345794392,0.7715674362089915,0.8061617458279846,0.8013513513513514
0.18820224719101122,0.6728971962616822,0.6865127582017011,0.7060333761232349,0.6527027027027027
0.14325842696629212,0.5246995994659546,0.5455650060753341,0.6290115532734275,0.5824324324324325
0.10955056179775281,0.37917222963951935,0.4422843256379101,0.5365853658536586,0.4540540540540541
0.07865168539325842,0.26702269692923897,0.36573511543134873,0.4762516046213094,0.3013513513513513
0.06460674157303371,0.19359145527369825,0.2928311057108141,0.46598202824133506,0.23513513513513515
0.06460674157303371,0.12817089452603472,0.24179829890643986,0.4685494223363286,0.20405405405405405
0.06179775280898876,0.11481975967957277,0.20899149453219928,0.4685494223363286,0.17702702702702702
0.056179775280898875,0.1081441922563418,0.18955042527339003,0.4711168164313222,0.1635135135135135
0.047752808988764044,0.1054739652870494,0.17132442284325639,0.472400513478819,0.15675675675675677
0.03089887640449438,0.09879839786381843,0.16403402187120292,0.46983311938382544,0.15
0.025280898876404494,0.09612817089452604,0.1591737545565006,0.45314505776636715,0.14324324324324325
0.02247191011235955,0.08811748998664887,0.15552855407047386,0.43645699614890887,0.13918918918918918
0.028089887640449437,0.08411214953271028,0.15309842041312272,0.4159178433889602,0.13648648648648648
0.03089887640449438,0.0801068090787717,0.15552855407047386,0.39152759948652116,0.13918918918918918
0.042134831460674156,0.08544726301735647,0.16889428918590524,0.37098844672657255,0.1554054054054054
0.047752808988764044,0.09212283044058744,0.19441069258809235,0.3645699614890886,0.18513513513513513
0.0449438202247191,0.11214953271028037,0.244228432563791,0.3851091142490372,0.22432432432432434
0.042134831460674156,0.1295060080106809,0.2976913730255164,0.42362002567394097,0.2635135135135135
0.042134831460674156,0.1602136181575434,0.33414337788578374,0.4634146341463415,0.3013513513513513
0.0449438202247191,0.17222963951935916,0.36087484811664644,0.49165596919127086,0.34459459459459457
0.05056179775280899,0.19759679572763686,0.402187120291616,0.5121951219512195,0.3972972972972973
0.06460674157303371,0.24966622162883845,0.4240583232077764,0.5481386392811296,0.49594594594594593
0.08146067415730338,0.308411214953271,0.4617253948967193,0.5982028241335045,0.5972972972972973
0.10955056179775281,0.4272363150867824,0.5164034021871203,0.7227214377406932,0.6918918918918919
0.10955056179775281,0.5033377837116155,0.5795868772782503,0.7766367137355584,0.7189189189189189
0.10955056179775281,0.5874499332443258,0.6403402187120292,0.8331193838254172,0.7405405405405405
0.11797752808988764,0.6622162883845126,0.7193195625759417,0.8767650834403081,0.7648648648648648
0.1348314606741573,0.7076101468624834,0.7399756986634265,0.9075738125802311,0.7878378378378378
0.15168539325842698,0.7383177570093458,0.7436208991494532,0.9358151476251605,0.8094594594594594
0.1601123595505618,0.7543391188251002,0.7436208991494532,0.9409499358151476,0.822972972972973
0.17134831460674158,0.7716955941255007,0.7484811664641555,0.944801026957638,0.8351351351351352
0.18820224719101122,0.7983978638184246,0.7582017010935601,0.9525032092426188,0.8554054054054054
0.21910112359550563,0.8170894526034713,0.764277035236938,0.9563543003851092,0.8621621621621621
0.27247191011235955,0.8304405874499332,0.7739975698663426,0.962772785622593,0.8716216216216216
0.29775280898876405,0.8451268357810414,0.7849331713244229,0.9653401797175867,0.8824324324324324
0.351123595505618,0.8491321762349799,0.7922235722964763,0.9743260590500642,0.8945945945945946
0.41853932584269665,0.8691588785046729,0.7982989064398542,0.9807445442875481,0.9216216216216216
0.49157303370786515,0.8838451268357811,0.8019441069258809,0.982028241335045,0.9310810810810811
0.5224719101123596,0.8878504672897196,0.8080194410692588,0.9833119383825417,0.9324324324324325
0.5224719101123596,0.897196261682243,0.8213851761846902,0.9871630295250321,0.9337837837837838
0.5056179775280899,0.890520694259012,0.8311057108140948,0.9910141206675225,0.9297297297297298
0.47752808988764045,0.8744993324432577,0.8335358444714459,0.993581514762516,0.9243243243243243
0.4438202247191011,0.855807743658211,0.8347509113001215,1.0,0.9202702702702703
0.40168539325842695,0.8317757009345794,0.8298906439854192,1.0,0.904054054054054
0.34269662921348315,0.7957276368491322,0.8153098420413123,0.9987179487179487,0.8824324324324324
0.21629213483146068,0.7503337783711616,0.8007290400972054,0.95,0.7918918918918919
0.16292134831460675,0.6622162883845126,0.7776427703523694,0.8756410256410256,0.7297297297297297
0.1151685393258427,0.40186915887850466,0.7120291616038882,0.7935897435897435,0.6594594594594595
0.08146067415730338,0.2977303070761015,0.6002430133657352,0.7153846153846154,0.5702702702702702
0.05056179775280899,0.205607476635514,0.44957472660996356,0.6461538461538462,0.4445945945945946
0.033707865168539325,0.15086782376502003,0.39611178614823817,0.5769230769230769,0.31351351351351353
0.019662921348314606,0.12283044058744993,0.34993924665856624,0.5282051282051282,0.28378378378378377
0.025280898876404494,0.11214953271028037,0.30984204131227217,0.4756410256410256,0.2689189189189189
0.028089887640449437,0.102803738317757,0.2782503037667072,0.45897435897435895,0.25405405405405407
0.033707865168539325,0.10146862483311081,0.25637910085054677,0.44871794871794873,0.23513513513513515
0.033707865168539325,0.09879839786381843,0.244228432563791,0.43846153846153846,0.22972972972972974
0.03651685393258427,0.10146862483311081,0.24179829890643986,0.43205128205128207,0.23108108108108108
0.02247191011235955,0.10146862483311081,0.24058323207776428,0.4230769230769231,0.23108108108108108
0.019662921348314606,0.1081441922563418,0.24908869987849333,0.4166666666666667,0.2391891891891892
0.011235955056179775,0.1081441922563418,0.25880923450789795,0.4166666666666667,0.25135135135135134
0.019662921348314606,0.11481975967957277,0.27946537059538273,0.41923076923076924,0.2810810810810811
0.042134831460674156,0.13618157543391188,0.3110571081409477,0.43974358974358974,0.31486486486486487
0.056179775280898875,0.14819759679572764,0.3353584447144593,0.4576923076923077,0.34864864864864864
0.08146067415730338,0.18691588785046728,0.36330498177399756,0.4858974358974359,0.3932432432432432
0.07303370786516854,0.22296395193591456,0.39003645200486026,0.5076923076923077,0.43243243243243246
0.07584269662921349,0.25100133511348466,0.40704738760631837,0.532051282051282,0.47702702702702704
0.08146067415730338,0.33377837116154874,0.425273390036452,0.5641025641025641,0.5324324324324324
0.10674157303370786,0.4032042723631509,0.46051032806804376,0.6141025641025641,0.5851351351351352
0.12078651685393259,0.4819759679572764,0.520048602673147,0.6871794871794872,0.6297297297297297
0.1348314606741573,0.5367156208277704,0.6196840826245443,0.7435897435897436,0.6608108108108108
0.1544943820224719,0.5887850467289719,0.6500607533414338,0.7871794871794872,0.6797297297297298
0.16292134831460675,0.630173564753004,0.675577156743621,0.85,0.6945945945945946
0.16292134831460675,0.6742323097463284,0.6986634264884569,0.8730769230769231,0.7013513513513514
0.16573033707865167,0.7129506008010681,0.7181044957472661,0.8923076923076924,0.7148648648648649
0.16853932584269662,0.7476635514018691,0.7351154313487241,0.9076923076923077,0.7432432432432432
0.16853932584269662,0.7676902536715621,0.741190765492102,0.9179487179487179,0.7554054054054054
0.16853932584269662,0.7757009345794392,0.7436208991494532,0.9217948717948717,0.7635135135135135
0.17134831460674158,0.7770360480640854,0.74726609963548,0.926923076923077,0.7743243243243243
0.19662921348314608,0.8010680907877169,0.7484811664641555,0.9282051282051282,0.777027027027027
0.21348314606741572,0.8130841121495327,0.7484811664641555,0.9397435897435897,0.7945945945945946
0.2247191011235955,0.8371161548731643,0.7484811664641555,0.95,0.8162162162162162
0.23314606741573032,0.8397863818424566,0.7436208991494532,0.9538461538461539,0.8378378378378378
0.24157303370786518,0.8598130841121495,0.7545565006075334,0.9602564102564103,0.8621621621621621
0.27808988764044945,0.8678237650200267,0.755771567436209,0.9666666666666667,0.9
0.29775280898876405,0.8918558077436582,0.7739975698663426,0.982051282051282,0.9324324324324325
0.34269662921348315,0.897196261682243,0.7837181044957473,0.9987179487179487,0.9527027027027027
0.38202247191011235,0.8931909212283045,0.7825030376670717,0.9910256410256411,0.9567567567567568
0.4241573033707865,0.9065420560747663,0.787363304981774,0.9948717948717949,0.9581081081081081
0.44662921348314605,0.9092122830440588,0.7897934386391251,0.9961538461538462,0.9648648648648649
0.4550561797752809,0.9118825100133512,0.7910085054678008,0.9948717948717949,0.9635135135135136
0.4410112359550562,0.9065420560747663,0.7897934386391251,0.9910256410256411,0.9581081081081081
0.3792134831460674,0.8931909212283045,0.7849331713244229,0.9769230769230769,0.9445945945945946
0.31179775280898875,0.8624833110814419,0.7679222357229648,0.95,0.9162162162162162
0.23595505617977527,0.739652870493992,0.7654921020656136,0.9128205128205128,0.8256756756756757
0.16853932584269662,0.6048064085447263,0.7363304981773997,0.7935897435897435,0.7135135135135136
0.12640449438202248,0.43524699599465955,0.6500607533414338,0.6807692307692308,0.6364864864864865
0.10393258426966293,0.30040053404539385,0.370595382746051,0.5641025641025641,0.5162162162162162
0.11235955056179775,0.2162883845126836,0.28554070473876064,0.5038461538461538,0.3472972972972973
0.09269662921348315,0.17356475300400534,0.2284325637910085,0.4717948717948718,0.28378378378378377
0.09269662921348315,0.15086782376502003,0.19805589307411908,0.5205128205128206,0.2662162162162162
0.07865168539325842,0.1295060080106809,0.1798298906439854,0.5243589743589744,0.2418918918918919
0.06741573033707865,0.12016021361815754,0.16646415552855406,0.5217948717948718,0.20405405405405405
0.07865168539325842,0.11615487316421896,0.16038882138517618,0.5166666666666667,0.1891891891891892
0.0702247191011236,0.09879839786381843,0.14823815309842042,0.5,0.17567567567567569
0.07584269662921349,0.09212283044058744,0.1421628189550425,0.4807692307692308,0.16891891891891891
0.07584269662921349,0.09212283044058744,0.14094775212636695,0.45897435897435895,0.1662162162162162
0.08146067415730338,0.08678237650200267,0.1385176184690158,0.43205128205128207,0.15945945945945947
0.08707865168539326,0.08678237650200267,0.1385176184690158,0.41025641025641024,0.15675675675675677
0.08426966292134831,0.0814419225634179,0.14823815309842042,0.391025641025641,0.1581081081081081
0.07584269662921349,0.08277703604806408,0.16281895504252733,0.37051282051282053,0.16216216216216217
0.07584269662921349,0.09345794392523364,0.20413122721749696,0.358974358974359,0.1783783783783784
0.07303370786516854,0.1081441922563418,0.24665856622114216,0.36923076923076925,0.20945945945945946
0.07584269662921349,0.1268357810413885,0.2770352369380316,0.4166666666666667,0.24324324324324326
0.0898876404494382,0.14953271028037382,0.30133657351154314,0.43846153846153846,0.26756756756756755
0.09550561797752809,0.1802403204272363,0.34143377885783716,0.47435897435897434,0.2972972972972973
0.11235955056179775,0.22296395193591456,0.3839611178614824,0.5115384615384615,0.3878378378378378
0.13202247191011235,0.2857142857142857,0.43013365735115433,0.573076923076923,0.47297297297297297
0.1404494382022472,0.35781041388518026,0.49696233292831105,0.6525641025641026,0.5283783783783784
0.16292134831460675,0.4472630173564753,0.5783718104495748,0.7153846153846154,0.572972972972973
0.1544943820224719,0.5126835781041389,0.6391251518833536,0.7628205128205128,0.6094594594594595
0.1601123595505618,0.5487316421895861,0.6707168894289186,0.7935897435897435,0.6297297297297297
0.17415730337078653,0.6742323097463284,0.6974483596597812,0.8282051282051283,0.654054054054054
0.19382022471910113,0.7249666221628839,0.7314702308626975,0.8628205128205129,0.6878378378378378
0.21629213483146068,0.7610146862483311,0.7509113001215066,0.8756410256410256,0.7054054054054054
0.21910112359550563,0.7716955941255007,0.7521263669501823,0.8884615384615384,0.722972972972973
0.22191011235955055,0.7903871829105474,0.7545565006075334,0.8974358974358975,0.7364864864864865
0.22752808988764045,0.8090787716955942,0.7582017010935601,0.9115384615384615,0.7432432432432432
0.2247191011235955,0.8317757009345794,0.7654921020656136,0.9282051282051282,0.7554054054054054
0.21910112359550563,0.8384512683578104,0.7618469015795869,0.9346153846153846,0.7635135135135135
0.22191011235955055,0.8344459279038718,0.7569866342648846,0.9448717948717948,0.7932432432432432
0.22752808988764045,0.8491321762349799,0.7582017010935601,0.9551282051282052,0.8243243243243243
0.2443820224719101,0.8704939919893191,0.7594167679222357,0.967948717948718,0.8635135135135135
0.300561797752809,0.8878504672897196,0.7569866342648846,0.9743589743589743,0.8986486486486487
0.3398876404494382,0.8918558077436582,0.7618469015795869,0.9717948717948718,0.9202702702702703
0.4044943820224719,0.9292389853137517,0.778857837181045,0.9782051282051282,0.9391891891891891
0.449438202247191,0.9305740987983978,0.7922235722964763,0.9884615384615385,0.9540540540540541
0.4859550561797753,0.9359145527369827,0.7946537059538274,0.9897435897435898,0.9567567567567568
0.5056179775280899,0.9532710280373832,0.8031591737545565,0.9923076923076923,0.9594594594594594
0.5112359550561798,0.9332443257676902,0.795868772782503,0.9897435897435898,0.9581081081081081
0.5084269662921348,0.9265687583444593,0.8031591737545565,0.9923076923076923,0.9540540540540541
0.48314606741573035,0.9252336448598131,0.795868772782503,0.9935897435897436,0.9567567567567568
0.449438202247191,0.8931909212283045,0.8019441069258809,0.9871794871794872,0.9432432432432433
0.40168539325842695,0.8731642189586115,0.7982989064398542,0.9846153846153847,0.8945945945945946
0.34269662921348315,0.8344459279038718,0.7885783718104495,0.9602564102564103,0.8297297297297297
0.28370786516853935,0.7797062750333779,0.778857837181045,0.9230769230769231,0.754054054054054
0.22191011235955055,0.5927903871829105,0.6731470230862697,0.8487179487179487,0.6905405405405406
0.19382022471910113,0.46862483311081443,0.5710814094775213,0.7333333333333333,0.6216216216216216
0.18258426966292135,0.3724966622162884,0.4933171324422843,0.6884615384615385,0.5594594594594594
0.17415730337078653,0.30707610146862485,0.4349939246658566,0.6307692307692307,0.3972972972972973
0.16853932584269662,0.24833110814419226,0.39611178614823817,0.5884615384615385,0.3216216216216216
0.1601123595505618,0.20293724966622162,0.362089914945322,0.5525641025641026,0.2945945945945946
0.14325842696629212,0.17489986648865152,0.33414337788578374,0.5217948717948718,0.27837837837837837
0.1348314606741573,0.15220293724966621,0.30741190765492105,0.4935897435897436,0.2662162162162162
0.10674157303370786,0.12817089452603472,0.284325637910085,0.47307692307692306,0.25675675675675674
0.09550561797752809,0.12016021361815754,0.2624544349939247,0.46025641025641023,0.25
0.08426966292134831,0.11081441922563418,0.2454434993924666,0.45,0.2445945945945946
0.07865168539325842,0.1068090787716956,0.22114216281895505,0.441025641025641,0.24054054054054055
0.08146067415730338,0.1041388518024032,0.21506682867557717,0.43205128205128207,0.23378378378378378
0.08426966292134831,0.102803738317757,0.21385176184690158,0.4153846153846154,0.23243243243243245
0.07865168539325842,0.1041388518024032,0.21385176184690158,0.40897435897435896,0.22972972972972974
0.07865168539325842,0.11214953271028037,0.22478736330498178,0.40897435897435896,0.23108108108108108
0.06179775280898876,0.11748998664886515,0.24179829890643986,0.40897435897435896,0.2445945945945946
0.056179775280898875,0.13351134846461948,0.2770352369380316,0.4205128205128205,0.2648648648648649
0.056179775280898875,0.14953271028037382,0.31713244228432563,0.45256410256410257,0.2945945945945946
0.0702247191011236,0.17623497997329773,0.35236938031591736,0.48846153846153845,0.33918918918918917
0.08426966292134831,0.22162883845126835,0.39125151883353587,0.5217948717948718,0.3932432432432432
0.09831460674157304,0.32176234979973295,0.4240583232077764,0.5525641025641026,0.4486486486486487
0.10955056179775281,0.38584779706275035,0.4520048602673147,0.5833333333333334,0.504054054054054
0.12359550561797752,0.46461949265687585,0.5419198055893074,0.6269230769230769,0.5486486486486486
0.13764044943820225,0.5567423230974633,0.6160388821385177,0.6974358974358974,0.5878378378378378
0.15168539325842698,0.6221628838451269,0.6585662211421628,0.764102564102564,0.6297297297297297
0.16853932584269662,0.664886515353805,0.6852976913730255,0.8487179487179487,0.6635135135135135
0.19101123595505617,0.7022696929238985,0.7047387606318347,0.8756410256410256,0.6824324324324325
0.21067415730337077,0.7303070761014686,0.7144592952612394,0.8961538461538462,0.7243243243243244
0.24157303370786518,0.7596795727636849,0.7266099635479951,0.9128205128205128,0.7391891891891892
0.26685393258426965,0.7797062750333779,0.7290400972053463,0.9217948717948717,0.75
0.30337078651685395,0.7930574098798397,0.7266099635479951,0.9294871794871795,0.7594594594594595
0.32865168539325845,0.8010680907877169,0.7217496962332929,0.9346153846153846,0.7635135135135135
0.3595505617977528,0.8304405874499332,0.7253948967193196,0.9423076923076923,0.7797297297297298
0.41292134831460675,0.8518024032042724,0.7314702308626975,0.9487179487179487,0.8135135135135135
0.4747191011235955,0.8651535380507344,0.7387606318347509,0.967948717948718,0.9121621621621622
0.5926966292134831,0.8825100133511349,0.7484811664641555,0.9756410256410256,0.9418918918918919
0.6432584269662921,0.8998664886515354,0.764277035236938,0.9833333333333333,0.9621621621621622
0.6910112359550562,0.9145527369826435,0.778857837181045,0.9871794871794872,0.9716216216216216
0.7134831460674157,0.9399198931909212,0.7885783718104495,0.9846153846153847,0.9716216216216216
0.7247191011235955,0.9425901201602136,0.7982989064398542,0.9846153846153847,0.9743243243243244
0.7247191011235955,0.9412550066755674,0.804374240583232,0.9846153846153847,0.9743243243243244
0.7134831460674157,0.9359145527369827,0.804374240583232,0.9884615384615385,0.9756756756756757
0.6910112359550562,0.9225634178905207,0.7995139732685298,0.9897435897435898,0.972972972972973
0.6376404494382022,0.9052069425901201,0.7934386391251519,0.9871794871794872,0.9702702702702702
0.5646067415730337,0.8811748998664887,0.787363304981774,0.9794871794871794,0.9594594594594594
0.4859550561797753,0.8518024032042724,0.7776427703523694,0.9666666666666667,0.9013513513513514
0.42134831460674155,0.8170894526034713,0.7667071688942891,0.9461538461538461,0.8391891891891892
0.34831460674157305,0.7636849132176236,0.7399756986634265,0.9038461538461539,0.7702702702702703
0.22191011235955055,0.6929238985313751,0.701093560145808,0.8461538461538461,0.7202702702702702
0.1853932584269663,0.6048064085447263,0.6281895504252734,0.7846153846153846,0.6783783783783783
0.1601123595505618,0.41388518024032045,0.5455650060753341,0.7346153846153847,0.6459459459459459
0.14887640449438203,0.3391188251001335,0.4787363304981774,0.7,0.6067567567567568
0.1348314606741573,0.27903871829105475,0.4313487241798299,0.6576923076923077,0.5594594594594594
0.12921348314606743,0.22963951935914553,0.3827460510328068,0.6294871794871795,0.518918918918919
0.12078651685393259,0.20427236315086783,0.36938031591737547,0.6089743589743589,0.4837837837837838
0.1151685393258427,0.1829105473965287,0.353584447144593,0.5692307692307692,0.4527027027027027
0.11235955056179775,0.17089452603471295,0.3462940461725395,0.5538461538461539,0.4243243243243243
0.09831460674157304,0.157543391188251,0.3377885783718105,0.5397435897435897,0.4027027027027027
0.09831460674157304,0.15220293724966621,0.33292831105710813,0.5294871794871795,0.3783783783783784
0.09550561797752809,0.14285714285714285,0.32806804374240583,0.5205128205128206,0.37432432432432433
0.10112359550561797,0.14285714285714285,0.3268529769137303,0.514102564102564,0.37432432432432433
0.10955056179775281,0.14018691588785046,0.3244228432563791,0.5051282051282051,0.3716216216216216
0.10674157303370786,0.14819759679572764,0.3292831105710814,0.49743589743589745,0.37027027027027026
0.11235955056179775,0.17089452603471295,0.33900364520048604,0.49743589743589745,0.372972972972973
0.1151685393258427,0.1909212283044059,0.3645200486026732,0.5102564102564102,0.3878378378378378
0.11235955056179775,0.22029372496662217,0.41676792223572295,0.5294871794871795,0.41081081081081083
0.1151685393258427,0.2616822429906542,0.44835965978128794,0.5525641025641026,0.4527027027027027
0.1151685393258427,0.2977303070761015,0.4738760631834751,0.5769230769230769,0.5108108108108108
0.12359550561797752,0.35246995994659547,0.5054678007290401,0.6602564102564102,0.5648648648648649
0.14325842696629212,0.4232309746328438,0.5637910085054678,0.7243589743589743,0.6081081081081081
0.1601123595505618,0.5033377837116155,0.6221142162818954,0.7782051282051282,0.6837837837837838
0.16853932584269662,0.57543391188251,0.6622114216281896,0.8205128205128205,0.7013513513513514
0.17696629213483145,0.6341789052069426,0.6962332928311057,0.8589743589743589,0.7175675675675676
0.18258426966292135,0.6835781041388518,0.724179829890644,0.8884615384615384,0.7432432432432432
0.18820224719101122,0.7116154873164219,0.7339003645200486,0.9051282051282051,0.7621621621621621
0.19662921348314608,0.7343124165554072,0.7363304981773997,0.9179487179487179,0.7797297297297298
0.21348314606741572,0.7570093457943925,0.732685297691373,0.9256410256410257,0.7959459459459459
0.23876404494382023,0.774365821094793,0.7339003645200486,0.9358974358974359,0.822972972972973
0.27808988764044945,0.7970627503337784,0.7387606318347509,0.9435897435897436,0.8608108108108108
0.29775280898876405,0.8251001335113485,0.7460510328068044,0.95,0.8864864864864865
0.3202247191011236,0.8411214953271028,0.7484811664641555,0.9692307692307692,0.9067567567567567
0.35674157303370785,0.8624833110814419,0.7594167679222357,0.9794871794871794,0.9297297297297298
0.398876404494382,0.87716955941255,0.7703523693803159,0.985897435897436,0.9513513513513514
0.449438202247191,0.8918558077436582,0.7812879708383961,0.9910256410256411,0.981081081081081
0.4887640449438202,0.897196261682243,0.7849331713244229,0.9923076923076923,0.9851351351351352
0.5533707865168539,0.9065420560747663,0.7885783718104495,0.9948717948717949,0.9878378378378379
0.5814606741573034,0.9118825100133512,0.7922235722964763,0.9923076923076923,0.9891891891891892
0.5870786516853933,0.9185580774365821,0.795868772782503,0.9910256410256411,0.9918918918918919
0.5898876404494382,0.9292389853137517,0.795868772782503,0.9897435897435898,0.9905405405405405
0.5758426966292135,0.9238985313751669,0.7982989064398542,0.9910256410256411,0.9905405405405405
0.5533707865168539,0.9145527369826435,0.795868772782503,0.9897435897435898,0.9878378378378379
0.5196629213483146,0.9012016021361816,0.7897934386391251,0.9897435897435898,0.9851351351351352
0.47752808988764045,0.8785046728971962,0.7825030376670717,0.9884615384615385,0.9851351351351352
0.43820224719101125,0.8611481975967957,0.7667071688942891,0.9756410256410256,0.9783783783783784
0.3904494382022472,0.835781041388518,0.7545565006075334,0.9666666666666667,0.972972972972973
0.33707865168539325,0.8010680907877169,0.7375455650060754,0.9435897435897436,0.9364864864864865
0.2949438202247191,0.7543391188251002,0.7108140947752126,0.9102564102564102,0.8932432432432432
0.25280898876404495,0.678237650200267,0.6622114216281896,0.8589743589743589,0.8351351351351352
0.17134831460674158,0.5887850467289719,0.5868772782503038,0.7923076923076923,0.7837837837837838
0.1404494382022472,0.4766355140186916,0.4896719319562576,0.7333333333333333,0.7243243243243244
0.11235955056179775,0.32443257676902537,0.4349939246658566,0.6974358974358974,0.6824324324324325
0.10393258426966293,0.2750333778371162,0.39125151883353587,0.6487179487179487,0.6351351351351351
0.09831460674157304,0.22696929238985314,0.362089914945322,0.5961538461538461,0.5878378378378378
0.10112359550561797,0.19893190921228304,0.3244228432563791,0.5641025641025641,0.5540540540540541
0.10112359550561797,0.1842456608811749,0.30619684082624543,0.5435897435897435,0.5148648648648648
0.09269662921348315,0.17089452603471295,0.2891859052247874,0.5,0.47702702702702704
0.08146067415730338,0.16154873164218958,0.275820170109356,0.4846153846153846,0.4445945945945946
0.0702247191011236,0.15220293724966621,0.2624544349939247,0.4705128205128205,0.3945945945945946
0.06460674157303371,0.14552736982643524,0.25273390036452004,0.46025641025641023,0.37972972972972974
0.06460674157303371,0.1375166889185581,0.24787363304981774,0.45,0.37432432432432433
0.07584269662921349,0.13618157543391188,0.2454434993924666,0.4423076923076923,0.37027027027027026
0.08426966292134831,0.1375166889185581,0.2515188335358445,0.4371794871794872,0.3716216216216216
0.09269662921348315,0.17489986648865152,0.2818955042527339,0.441025641025641,0.3864864864864865
0.10112359550561797,0.21228304405874499,0.3292831105710814,0.4782051282051282,0.42027027027027025
0.11797752808988764,0.2590120160213618,0.3718104495747266,0.5243589743589744,0.4635135135135135
0.12640449438202248,0.31108144192256343,0.4665856622114216,0.5628205128205128,0.5256756756756756
0.13764044943820225,0.38317757009345793,0.5261239368165249,0.6089743589743589,0.5864864864864865
0.1544943820224719,0.48731642189586116,0.6245443499392467,0.7615384615384615,0.6445945945945946
0.17696629213483145,0.595460614152203,0.6816524908869988,0.8282051282051283,0.6878378378378378
0.21067415730337077,0.6795727636849133,0.7193195625759417,0.8782051282051282,0.7081081081081081
0.24157303370786518,0.7409879839786382,0.7375455650060754,0.908974358974359,0.7554054054054054
0.24719101123595505,0.7770360480640854,0.7484811664641555,0.9307692307692308,0.7797297297297298
0.25842696629213485,0.8024032042723631,0.7436208991494532,0.9397435897435897,0.7972972972972973
0.25842696629213485,0.8117489986648865,0.7314702308626975,0.9435897435897436,0.8364864864864865
0.2808988764044944,0.8277703604806409,0.732685297691373,0.9525641025641025,0.8783783783783784
0.3089887640449438,0.8664886515353805,0.7424058323207776,0.9705128205128205,0.9148648648648648
0.36235955056179775,0.8798397863818425,0.7509113001215066,0.982051282051282,0.9432432432432433
0.41853932584269665,0.8918558077436582,0.7715674362089915,0.9846153846153847,0.9621621621621622
0.46629213483146065,0.9038718291054739,0.7800729040097205,0.9884615384615385,0.9756756756756757
0.4943820224719101,0.9078771695594126,0.7837181044957473,0.985897435897436,0.981081081081081
0.5196629213483146,0.9172229639519359,0.7910085054678008,0.9846153846153847,0.9824324324324324
0.5224719101123596,0.9172229639519359,0.7934386391251519,0.985897435897436,0.9837837837837838
0.5196629213483146,0.9172229639519359,0.7946537059538274,0.9897435897435898,0.981081081081081
0.5112359550561798,0.9118825100133512,0.795868772782503,0.9935897435897436,0.9797297297297297
0.49157303370786515,0.9025367156208278,0.7934386391251519,0.9961538461538462,0.9756756756756757
0.43820224719101125,0.8918558077436582,0.7885783718104495,0.9935897435897436,0.9648648648648649
0.40168539325842695,0.87716955941255,0.787363304981774,0.9910256410256411,0.9513513513513514
0.3595505617977528,0.8331108144192256,0.7861482381530984,0.9871794871794872,0.9337837837837838
0.31741573033707865,0.7863818424566088,0.7800729040097205,0.9756410256410256,0.8986486486486487
0.27247191011235955,0.7276368491321762,0.764277035236938,0.95,0.8567567567567568
0.22191011235955055,0.6475300400534045,0.675577156743621,0.9102564102564102,0.8081081081081081
0.1797752808988764,0.5433911882510013,0.6002430133657352,0.8615384615384616,0.7594594594594595
0.15730337078651685,0.4459279038718291,0.5188335358444714,0.7307692307692307,0.727027027027027
0.1404494382022472,0.3658210947930574,0.4641555285540705,0.6884615384615385,0.6972972972972973
0.13202247191011235,0.2977303070761015,0.41919805589307413,0.6397435897435897,0.6486486486486487
0.12359550561797752,0.24833110814419226,0.39489671931956255,0.6115384615384616,0.5581081081081081
0.10955056179775281,0.2082777036048064,0.3645200486026732,0.5833333333333334,0.5094594594594595
0.0898876404494382,0.1855807743658211,0.33414337788578374,0.5551282051282052,0.4594594594594595
0.07584269662921349,0.16688918558077437,0.3086269744835966,0.5243589743589744,0.4175675675675676
0.07303370786516854,0.15353805073431243,0.28797083839611176,0.5012820512820513,0.38513513513513514
0.0702247191011236,0.1321762349799733,0.267314702308627,0.48333333333333334,0.3608108108108108
0.07584269662921349,0.1295060080106809,0.25273390036452004,0.47307692307692306,0.34459459459459457
0.07865168539325842,0.12416555407209613,0.23207776427703525,0.46282051282051284,0.33513513513513515
0.08426966292134831,0.12283044058744993,0.22721749696233293,0.45256410256410257,0.327027027027027
0.08426966292134831,0.12283044058744993,0.2284325637910085,0.44487179487179485,0.32297297297297295
0.08146067415730338,0.12416555407209613,0.2393681652490887,0.4346153846153846,0.31891891891891894
0.08426966292134831,0.13618157543391188,0.2660996354799514,0.441025641025641,0.31891891891891894
0.08146067415730338,0.15220293724966621,0.30498177399756987,0.4576923076923077,0.34864864864864864
0.0898876404494382,0.17089452603471295,0.34143377885783716,0.4858974358974359,0.3783783783783784
0.10112359550561797,0.19225634178905207,0.36573511543134873,0.5153846153846153,0.4135135135135135
0.13202247191011235,0.22296395193591456,0.39489671931956255,0.5461538461538461,0.4594594594594595
0.1544943820224719,0.26702269692923897,0.43863912515188336,0.5782051282051283,0.5283783783783784
0.16573033707865167,0.40720961281708945,0.4726609963547995,0.6269230769230769,0.595945945945946
0.17696629213483145,0.49666221628838453,0.5309842041312273,0.7,0.6472972972972973
0.18820224719101122,0.5834445927903872,0.6075334143377886,0.7666666666666667,0.6851351351351351
0.19382022471910113,0.6515353805073432,0.7205346294046172,0.8320512820512821,0.7013513513513514
0.20224719101123595,0.7089452603471295,0.7496962332928311,0.8846153846153846,0.7243243243243244
0.21348314606741572,0.7476635514018691,0.7630619684082625,0.9397435897435897,0.7445945945945946
0.2303370786516854,0.774365821094793,0.7569866342648846,0.9551282051282052,0.7648648648648648
0.24719101123595505,0.7890520694259012,0.74726609963548,0.9641025641025641,0.7837837837837838
0.2640449438202247,0.7983978638184246,0.7436208991494532,0.9705128205128205,0.8405405405405405
0.27808988764044945,0.8157543391188251,0.7509113001215066,0.9833333333333333,0.8567567567567568
0.3146067415730337,0.8384512683578104,0.7630619684082625,0.9948717948717949,0.8756756756756757
0.34831460674157305,0.8531375166889186,0.7764277035236938,0.9987179487179487,0.8972972972972973
0.38764044943820225,0.8651535380507344,0.7922235722964763,1.0,0.918918918918919
0.4157303370786517,0.8731642189586115,0.7982989064398542,0.998719590268886,0.9351351351351351
0.45786516853932585,0.8785046728971962,0.7995139732685298,0.9948783610755442,0.9513513513513514
0.5028089887640449,0.8851802403204272,0.8019441069258809,0.9948783610755442,0.9648648648648649
0.5421348314606742,0.8931909212283045,0.7995139732685298,0.9910371318822023,0.9689189189189189
0.5646067415730337,0.8998664886515354,0.7982989064398542,0.9910371318822023,0.9743243243243244
0.5758426966292135,0.8998664886515354,0.7970838396111786,0.9910371318822023,0.9743243243243244
0.5730337078651685,0.9012016021361816,0.7995139732685298,0.9923175416133163,0.977027027027027
0.5646067415730337,0.8985313751668892,0.7995139732685298,0.9948783610755442,0.9783783783783784
0.550561797752809,0.8878504672897196,0.7982989064398542,0.9948783610755442,0.977027027027027
0.5421348314606742,0.8811748998664887,0.7995139732685298,0.9948783610755442,0.9756756756756757
0.5028089887640449,0.8691588785046729,0.7995139732685298,0.9961587708066582,0.9716216216216216
0.47752808988764045,0.8544726301735648,0.7970838396111786,0.9923175416133163,0.9621621621621622
0.43258426966292135,0.8251001335113485,0.795868772782503,0.9910371318822023,0.9513513513513514
0.3792134831460674,0.7983978638184246,0.7922235722964763,0.9833546734955185,0.927027027027027
0.31741573033707865,0.7343124165554072,0.7910085054678008,0.967989756722151,0.8824324324324324
0.25,0.5994659546061415,0.7217496962332929,0.9346991037131882,0.8162162162162162
0.19382022471910113,0.48598130841121495,0.6002430133657352,0.8642765685019206,0.7567567567567568
0.1601123595505618,0.37783711615487314,0.49817739975698666,0.736235595390525,0.7148648648648649
0.13764044943820225,0.3030707610146863,0.4264884568651276,0.6734955185659411,0.6837837837837838
0.12921348314606743,0.253671562082777,0.3718104495747266,0.6209987195902689,0.6324324324324324
0.11797752808988764,0.20026702269692923,0.33657351154313486,0.5979513444302177,0.5310810810810811
0.10393258426966293,0.16955941255006676,0.30984204131227217,0.5723431498079385,0.4891891891891892
0.09550561797752809,0.157543391188251,0.2891859052247874,0.5492957746478874,0.45135135135135135
0.08707865168539326,0.14419225634178906,0.2709599027946537,0.5249679897567221,0.42027027027027025
0.07865168539325842,0.13618157543391188,0.25759416767922233,0.5070422535211268,0.39594594594594595
0.07865168539325842,0.11882510013351134,0.24301336573511542,0.49167733674775926,0.37567567567567567
0.07584269662921349,0.11481975967957277,0.23572296476306198,0.4814340588988476,0.3635135135135135
0.07865168539325842,0.11081441922563418,0.21992709599027946,0.47247119078104993,0.3567567567567568
