371,646,744,313,266,286,273,243
414,769,841,310,238,253,265,254
408,741,794,288,215,229,256,246
337,651,684,222,180,173,187,189
326,636,681,202,156,156,182,183
285,557,541,180,152,170,172,166
210,358,361,159,138,156,125,113
119,219,257,107,109,189,138,98
111,182,211,112,102,194,133,87
93,148,156,99,91,226,139,82
82,116,134,82,80,231,142,72
77,100,106,83,80,231,139,73
51,68,83,78,64,207,105,41
38,80,114,68,50,205,94,37
62,301,201,86,52,160,85,48
63,313,216,84,56,145,90,58
62,319,225,88,56,154,94,58
63,324,233,93,54,163,92,57
67,323,227,95,66,166,93,60
56,175,211,83,71,162,95,60
67,193,247,92,70,147,82,56
91,248,334,99,71,143,76,62
95,252,342,102,74,120,80,67
94,256,341,100,70,132,68,64
93,241,314,93,67,179,86,58
87,212,277,84,68,183,88,56
63,134,155,71,67,189,87,48
54,114,125,61,62,204,87,41
50,92,112,59,70,186,91,39
41,69,91,71,77,143,64,34
39,100,89,67,73,143,65,36
81,175,141,77,84,136,80,60
86,207,177,83,101,140,101,73
89,217,201,81,94,163,112,76
92,217,203,65,82,173,116,79
95,230,205,68,84,179,120,77
73,196,171,56,75,191,117,70
70,176,143,47,54,175,100,64
78,178,137,50,54,156,84,67
91,245,175,70,77,171,118,77
113,292,279,85,76,182,122,86
114,391,370,104,76,166,117,80
144,428,433,112,95,176,124,83
145,435,444,137,141,178,131,78
152,524,494,140,141,165,111,72
153,563,536,169,152,147,106,73
153,509,571,187,160,158,117,84
137,491,537,203,160,147,111,81
138,493,555,195,121,140,97,85
122,373,513,196,112,143,87,83
99,253,419,168,100,148,89,74
90,222,284,140,91,161,79,61
71,181,252,112,70,185,94,57
59,143,169,98,72,185,103,52
57,107,122,94,65,180,100,47
55,90,105,99,61,177,90,47
84,146,124,102,58,150,87,58
106,177,150,105,61,113,73,67
117,240,172,109,58,108,61,66
126,250,179,101,65,96,68,73
128,259,222,114,76,82,77,73
157,289,311,137,93,103,94,97
150,284,307,146,98,146,91,95
141,238,302,144,101,150,93,99
135,268,326,146,97,176,98,95
134,270,300,131,93,175,102,95
78,205,203,102,74,203,86,62
69,195,194,78,70,189,96,55
68,188,186,74,68,205,103,49
59,130,142,65,65,197,100,45
63,139,251,92,61,223,105,47
59,147,245,85,61,186,103,46
59,162,260,87,55,182,94,46
67,180,285,94,58,180,90,45
84,182,329,107,66,170,90,55
87,200,263,89,62,143,74,52
93,232,323,102,69,148,77,59
90,221,321,108,71,146,85,59
85,207,304,108,66,124,87,64
113,308,365,107,73,118,88,65
183,417,539,141,90,125,125,116
203,455,582,152,91,129,130,125
206,458,585,152,90,126,132,125
206,460,586,152,93,130,134,123
236,469,547,163,101,147,150,132
208,401,486,168,89,139,126,105
222,453,421,170,95,144,133,114
232,522,543,211,122,154,147,123
239,546,547,222,147,165,162,135
221,613,607,217,154,167,155,136
214,644,593,221,185,236,160,130
190,626,668,218,193,235,150,114
191,597,639,190,183,232,134,106
185,594,649,180,166,266,109,91
153,494,588,173,153,263,98,74
138,421,526,144,114,205,87,76
122,338,402,126,95,212,98,76
98,283,271,100,81,216,100,70
90,237,229,97,73,158,109,69
78,165,194,105,66,148,119,62
74,238,282,102,62,140,117,52
98,281,326,117,62,119,108,57
94,293,394,135,64,99,103,59
106,361,466,151,65,128,89,60
125,405,493,143,72,129,68,67
130,368,434,134,72,135,69,74
110,324,427,131,70,157,75,66
115,350,374,118,66,178,77,64
117,367,317,106,67,165,81,64
100,317,270,105,64,161,84,59
85,315,296,107,62,181,93,49
87,319,253,104,68,172,91,48
91,346,252,99,69,154,90,56
87,324,219,86,70,148,89,62
88,374,225,95,68,158,85,63
92,374,202,88,73,161,80,88
99,374,203,81,64,162,83,96
92,331,201,93,82,207,97,97
84,293,303,98,89,211,98,92
88,259,330,89,89,206,102,92
97,260,330,97,101,245,112,69
92,258,327,98,100,238,106,62
92,236,316,84,88,204,92,50
95,227,227,94,80,207,95,56
122,275,226,130,90,213,100,76
115,268,220,131,73,138,86,83
114,271,220,130,83,147,87,81
115,288,248,131,91,154,92,84
141,385,335,127,100,155,103,91
121,350,306,90,97,152,108,75
128,361,316,90,98,165,107,73
128,366,332,91,95,183,111,74
149,368,364,100,95,180,129,91
143,277,278,107,94,180,127,88
141,284,319,125,97,195,121,87
170,430,393,148,114,183,124,86
185,452,409,160,126,155,135,91
181,501,524,177,128,165,121,75
174,509,554,189,131,155,109,70
171,506,585,190,143,140,112,72
143,415,570,175,134,151,114,68
135,404,551,162,119,208,116,59
124,323,409,137,114,224,115,61
109,279,360,111,106,231,122,65
108,247,255,83,78,235,135,78
95,173,145,72,72,252,137,94
74,106,124,68,73,210,121,98
96,117,139,71,71,181,121,107
112,184,214,80,73,172,122,107
111,202,235,94,75,164,100,94
112,204,245,97,70,137,93,78
114,223,322,118,67,131,89,75
89,221,370,122,62,132,76,57
69,173,353,110,61,133,67,52
67,155,352,111,61,128,65,54
96,186,409,123,75,117,86,78
100,173,368,105,76,145,92,81
98,169,322,104,75,141,109,82
96,156,303,105,76,147,115,79
96,160,300,93,74,142,120,81
129,185,387,127,87,145,110,92
127,185,383,129,91,123,105,89
124,175,373,122,96,164,101,88
125,178,369,123,90,166,91,88
124,171,361,122,90,177,90,85
55,95,154,64,71,170,79,48
41,86,124,56,67,167,84,45
56,162,173,76,63,121,75,49
60,180,201,80,64,109,78,48
63,189,227,87,73,91,84,50
66,189,239,102,77,88,91,50
80,249,270,112,79,93,102,54
94,339,383,119,82,110,100,58
134,368,434,139,99,127,106,73
139,382,431,140,101,149,114,77
141,390,462,136,92,159,107,78
141,409,507,130,91,160,96,78
149,370,544,166,114,152,96,77
130,342,519,166,127,140,90,72
136,338,544,166,128,117,72,70
150,364,524,173,136,104,80,80
152,324,475,175,139,122,89,81
131,263,326,130,124,156,108,75
113,252,281,102,96,158,114,65
99,233,213,99,86,157,118,63
79,172,182,73,76,179,125,49
62,116,152,67,67,185,120,44
59,87,103,60,55,171,122,46
59,74,94,65,58,167,118,50
63,79,90,66,58,179,117,53
51,114,88,69,57,158,107,53
53,151,107,74,64,131,109,53
51,160,113,77,64,117,100,54
91,178,152,73,67,119,108,70
92,192,173,75,69,98,103,69
93,185,187,76,65,105,104,67
118,168,190,89,69,119,99,79
125,199,249,104,71,110,86,80
100,188,235,103,62,114,72,64
100,168,219,101,58,112,71,62
100,165,204,101,64,109,74,68
72,184,228,91,61,124,73,52
61,144,210,78,71,125,77,48
71,183,221,84,76,126,85,53
87,231,374,100,79,138,84,55
96,227,432,104,77,143,85,57
95,210,420,98,72,117,87,61
95,209,399,95,62,133,87,61
87,180,390,100,61,137,89,57
138,245,338,124,70,133,96,76
152,279,301,125,75,130,93,77
159,307,310,134,80,133,93,75
161,311,318,138,80,136,99,77
162,312,318,130,76,143,124,84
114,240,253,93,67,142,126,65
86,241,244,105,87,147,133,63
73,206,229,97,86,149,132,66
84,252,245,98,101,141,140,75
118,325,405,133,113,139,119,80
130,416,499,145,118,147,121,81
144,446,506,148,107,137,114,81
143,450,522,151,110,145,115,76
137,435,512,147,98,134,111,70
109,381,402,121,91,121,109,59
92,266,252,107,87,116,106,70
66,163,198,97,83,149,108,70
62,137,151,90,77,146,134,76
55,84,146,107,75,170,141,74
68,75,132,113,71,182,149,73
64,60,118,113,64,177,143,59
66,53,118,101,68,162,146,55
72,163,134,99,70,158,125,57
84,207,155,82,71,149,112,56
76,209,154,73,66,134,91,53
74,214,161,69,67,138,102,56
71,217,165,70,61,127,93,55
68,187,173,70,55,131,83,46
53,140,153,61,51,123,71,40
50,142,159,53,49,127,74,41
49,135,151,51,59,142,78,39
50,131,142,45,56,153,80,36
46,103,115,43,57,168,86,33
49,103,105,44,53,166,94,43
52,103,91,51,63,174,98,47
53,106,88,59,57,157,94,49
83,164,149,81,73,155,111,68
100,256,329,108,75,136,119,73
137,313,414,131,82,132,116,83
141,326,430,132,76,111,114,85
147,353,455,138,81,117,113,89
139,351,462,139,68,99,91,80
180,423,464,166,78,92,88,95
160,416,417,158,77,92,88,87
167,425,426,167,82,111,90,91
163,410,413,160,76,107,82,86
160,407,402,156,77,118,87,83
117,305,309,118,71,125,84,66
131,283,305,114,74,123,85,69
122,283,291,108,77,111,89,67
129,296,307,121,101,157,98,72
145,351,356,128,114,166,102,74
144,338,350,126,129,163,96,77
150,360,452,155,143,163,92,84
146,343,447,152,145,175,93,78
141,332,434,146,132,148,90,75
125,274,384,142,123,145,91,73
107,246,360,136,105,179,103,66
64,174,171,97,86,198,121,51
56,156,147,92,79,195,120,52
51,135,117,85,78,188,122,56
32,70,96,72,74,183,139,56
31,53,90,75,70,152,132,53
29,53,87,71,61,128,117,51
28,48,78,71,53,119,114,48
29,53,92,71,48,122,106,41
40,77,125,79,49,119,84,41
38,76,117,72,51,116,85,37
41,80,119,69,56,117,84,41
43,85,122,64,60,114,78,40
49,116,126,58,60,102,80,42
48,106,101,45,55,94,71,42
52,114,115,47,57,98,66,42
110,141,117,53,54,98,69,70
114,144,112,53,49,86,67,72
112,119,89,54,50,82,63,74
112,117,78,60,64,94,75,73
110,110,56,58,65,96,79,72
52,68,41,57,75,104,73,40
46,77,78,60,79,105,77,39
54,127,146,59,78,108,77,37
54,133,177,59,67,102,85,45
59,149,238,62,64,99,84,52
59,163,248,63,60,91,86,52
65,183,262,70,58,97,90,61
65,190,320,88,66,103,102,65
100,304,398,119,81,103,92,72
106,304,376,123,99,140,98,75
111,319,382,123,102,141,98,79
136,362,425,139,116,141,96,89
164,463,461,155,122,198,113,109
165,447,434,146,134,194,107,110
166,497,462,144,126,174,114,109
199,591,630,200,146,182,135,131
211,588,633,215,150,206,150,136
204,525,633,209,163,181,161,126
192,495,643,208,166,195,165,123
194,464,626,218,175,194,163,123
164,336,492,172,163,203,159,107
132,345,480,139,152,203,161,93
106,307,398,123,130,177,136,85
96,288,324,110,110,182,142,81
82,248,310,90,89,179,135,77
68,222,234,78,73,174,129,63
43,90,134,78,65,152,109,52
49,129,112,77,66,156,102,49
50,140,110,85,58,147,87,44
50,132,96,79,59,147,80,46
68,163,124,82,59,128,61,45
103,192,140,82,62,118,70,70
105,170,137,84,75,111,71,67
106,170,138,70,73,103,78,69
107,192,226,75,72,121,88,70
97,170,223,71,69,133,93,68
58,140,217,65,69,143,88,41
54,143,222,60,50,144,85,39
51,133,224,64,63,135,78,36
47,102,136,62,67,152,73,32
44,96,113,62,72,150,67,30
42,92,126,62,68,148,64,30
32,72,109,58,68,146,64,30
34,66,101,60,65,147,65,30
51,81,123,64,70,116,63,36
49,88,128,65,65,119,68,35
51,100,114,63,68,117,78,42
51,143,117,67,80,155,84,46
66,156,143,65,84,182,104,57
86,163,156,65,77,180,106,66
90,162,149,67,86,177,119,71
90,155,145,68,82,180,111,69
91,121,146,68,70,153,105,67
81,116,125,69,69,144,98,63
88,187,243,70,74,146,106,61
99,215,286,77,75,139,91,65
105,227,295,85,79,142,98,65
119,248,311,114,117,168,109,75
157,325,389,147,125,178,114,90
208,447,542,221,139,186,125,118
215,444,530,238,161,191,130,119
226,450,559,244,172,196,138,121
222,456,559,237,154,184,140,118
198,410,523,218,143,177,142,105
133,268,426,160,133,192,135,70
113,256,437,129,99,210,131,60
84,264,414,122,76,208,122,55
79,239,425,129,68,200,116,48
79,226,413,131,70,192,99,49
61,166,268,114,60,186,88,46
58,168,248,122,64,164,85,51
67,127,232,113,64,148,78,50
65,127,202,92,82,147,82,61
61,134,191,88,81,133,76,59
61,135,183,80,78,123,76,58
85,234,231,83,75,114,77,55
80,233,221,81,76,117,84,56
78,226,208,82,58,110,70,43
78,223,208,81,65,116,78,48
78,223,211,78,61,98,81,53
46,102,129,67,81,98,81,51
41,83,105,58,79,149,88,52
37,75,100,61,85,162,94,56
50,79,99,61,79,159,90,53
54,75,88,58,78,155,83,50
54,66,79,52,67,153,85,55
75,140,132,65,89,143,86,57
108,177,187,63,95,136,85,65
141,218,233,76,101,137,94,82
144,224,235,79,104,147,96,86
147,226,245,96,101,151,103,89
145,201,230,123,99,123,110,92
149,221,278,155,102,123,114,98
135,235,408,197,107,125,117,99
137,287,448,203,105,123,128,99
149,297,464,204,106,129,130,98
155,357,506,194,93,125,120,96
171,430,527,199,82,121,117,89
191,448,494,161,105,135,126,89
228,474,503,169,137,160,131,111
232,497,579,184,183,217,133,110
311,559,657,288,296,269,157,151
311,651,686,305,312,277,175,160
307,707,640,313,310,269,165,154
282,673,621,311,300,261,155,137
275,659,539,299,275,221,153,138
179,574,390,194,148,168,156,98
144,378,238,131,112,206,171,88
106,167,209,111,92,226,184,85
96,152,162,115,86,219,187,84
84,117,146,112,81,225,185,81
67,96,132,114,75,218,163,68
59,88,110,117,64,175,122,49
51,76,98,103,58,150,101,50
49,161,109,80,52,151,102,48
71,238,151,80,53,144,93,51
73,249,180,72,53,142,86,51
74,269,190,72,65,141,88,48
76,271,193,75,69,136,84,53
73,235,185,94,98,123,65,48
51,164,159,90,99,115,66,42
57,170,128,94,101,115,70,47
62,161,117,89,97,113,72,51
63,160,113,85,94,119,71,43
64,151,100,64,65,140,73,43
65,139,93,63,70,149,79,43
58,121,101,61,71,144,78,39
52,113,112,58,68,142,69,34
55,112,116,57,70,139,69,40
58,123,124,52,66,126,71,45
64,132,120,57,68,112,71,50
77,166,140,67,73,124,86,59
104,257,142,85,80,127,98,76
102,287,317,113,82,146,105,78
108,283,357,114,84,153,108,81
119,301,387,125,80,148,118,88
139,406,497,149,78,148,119,92
136,370,545,150,77,154,116,86
141,347,481,142,106,151,125,82
149,364,504,154,122,169,136,88
180,472,616,195,139,174,158,129
214,562,633,189,155,212,174,141
218,609,610,207,193,221,173,140
231,615,604,247,262,236,170,149
228,637,595,256,265,223,159,145
222,603,527,235,264,228,151,129
173,446,413,230,255,192,126,116
163,372,384,209,231,182,133,116
143,364,381,161,133,163,126,107
135,311,329,136,108,165,128,105
90,190,199,124,87,155,102,75
83,146,155,118,85,153,104,62
70,108,151,129,73,169,100,59
57,101,144,134,67,158,101,48
54,149,151,129,66,149,99,52
51,163,164,113,74,140,95,52
49,171,176,107,75,150,89,52
85,307,238,104,75,145,80,55
91,335,246,91,81,153,84,56
92,314,236,89,82,152,83,51
94,309,226,88,79,167,91,51
92,305,214,84,73,156,85,48
57,170,131,63,70,144,87,38
46,103,93,43,59,133,73,34
37,84,76,47,68,135,93,33
30,71,67,50,73,125,93,32
33,61,51,51,74,121,96,35
42,87,77,57,78,106,99,43
49,96,84,57,77,135,110,48
51,130,113,55,72,148,98,49
66,177,168,52,64,145,94,50
66,182,172,52,66,150,98,52
67,186,172,47,66,152,95,55
89,250,190,55,72,136,93,61
100,238,178,55,70,132,91,59
104,223,140,54,73,130,84,60
125,333,265,66,92,142,106,97
130,362,296,74,99,156,117,101
115,348,301,77,98,153,112,96
148,492,331,79,126,170,122,114
172,549,425,123,136,181,126,121
173,524,439,140,130,181,107,94
217,581,485,166,150,182,100,104
235,593,515,221,220,193,98,111
218,569,562,234,224,175,98,107
197,531,515,232,229,175,98,100
186,515,459,223,234,190,109,105
129,427,398,211,217,193,113,91
101,389,352,158,147,186,138,85
85,240,232,141,118,205,158,71
80,188,180,128,94,204,162,69
75,127,170,125,74,177,155,63
104,221,202,131,82,166,150,62
114,239,230,139,89,164,134,73
129,273,311,147,89,128,103,77
131,288,350,146,88,116,95,76
138,302,358,148,93,125,95,78
120,301,348,140,92,106,97,81
119,342,562,173,94,111,93,79
107,324,553,166,94,156,101,78
103,321,535,156,91,172,103,78
93,309,527,150,91,190,110,74
82,242,516,147,91,203,109,64
54,149,245,79,76,197,104,51
46,122,158,66,74,174,90,39
52,97,129,62,74,160,83,36
52,88,124,60,74,135,85,44
53,80,106,50,67,137,88,45
52,80,72,53,68,154,93,44
53,106,94,52,67,144,98,46
63,139,133,66,70,138,98,48
83,165,181,83,75,145,88,46
145,259,315,107,82,129,98,79
176,401,554,125,89,120,107,100
189,428,565,139,103,120,107,104
195,443,575,137,112,118,107,106
212,520,596,131,105,99,103,117
181,524,663,138,107,112,94,100
179,596,616,159,122,125,96,91
187,596,625,163,135,163,109,96
180,588,624,172,157,204,123,95
167,521,640,210,214,215,145,94
193,534,630,218,222,214,153,112
170,353,533,201,216,203,144,104
146,316,514,197,209,203,142,94
144,296,506,188,189,181,135,97
139,288,451,152,148,195,127,91
94,171,272,120,132,189,120,72
87,125,205,128,128,185,118,74
89,117,195,134,116,150,120,90
89,133,196,134,110,150,116,95
72,129,187,129,66,142,100,90
79,136,202,129,68,141,98,92
85,133,196,111,58,141,112,91
92,149,200,94,66,147,109,83
114,219,242,112,68,128,109,77
151,322,333,132,74,100,113,82
153,334,316,134,68,96,104,75
150,353,338,133,77,112,99,72
144,348,334,130,72,124,88,64
127,301,290,112,74,140,88,58
78,182,170,75,66,139,79,50
68,149,161,59,69,151,82,48
71,120,108,50,62,146,79,47
68,129,116,50,71,144,83,46
67,148,177,66,74,133,81,44
62,166,209,70,77,142,83,40
60,174,207,71,76,133,86,40
59,179,216,77,81,132,81,45
69,203,263,92,76,121,86,48
70,248,317,86,78,116,95,57
74,273,311,84,78,112,107,61
75,285,319,83,74,130,107,68
74,275,319,81,67,144,108,71
66,259,300,64,59,150,101,69
72,233,269,84,57,157,102,66
107,307,378,103,59,160,87,65
143,409,418,111,67,142,86,65
173,476,463,146,116,139,93,78
197,516,500,176,130,132,114,87
211,607,622,197,139,127,114,88
215,602,592,198,147,116,118,95
193,543,567,196,147,124,118,92
172,499,544,188,117,129,125,82
144,457,500,165,103,192,115,76
121,314,290,133,87,199,117,79
81,216,202,118,75,243,117,72
77,176,183,122,72,242,117,72
63,126,129,101,67,233,113,68
61,108,113,97,68,198,108,68
50,80,99,90,69,192,97,60
41,63,93,95,62,150,94,54
40,64,93,85,60,144,98,57
64,108,149,79,55,142,83,58
68,148,192,73,48,121,74,53
69,152,198,73,53,116,73,53
71,156,204,66,51,117,72,55
72,159,203,67,56,124,67,50
51,133,159,61,60,135,76,47
45,87,100,59,61,136,83,50
44,75,81,49,54,160,84,45
45,68,65,44,58,142,84,43
39,59,64,47,72,168,82,42
35,59,61,43,77,181,80,38
48,92,73,46,77,183,82,45
48,115,76,55,79,169,82,53
65,166,133,56,75,175,82,57
75,217,171,62,59,147,81,59
77,223,181,64,53,132,74,61
74,221,201,65,52,130,68,53
87,216,203,61,55,139,84,50
74,180,172,61,59,130,84,43
64,115,137,53,63,128,81,38
73,125,137,52,64,122,91,36
85,144,110,48,81,144,112,45
92,152,131,58,107,144,117,44
96,157,138,74,128,150,119,45
117,229,194,81,147,161,133,58
131,270,302,96,161,167,135,63
136,285,376,135,189,171,142,77
128,309,405,139,185,178,136,82
128,315,409,137,173,194,137,83
113,270,392,137,154,187,141,80
108,225,319,133,139,188,144,89
98,181,225,104,81,164,117,76
96,121,174,124,57,166,122,68
95,103,166,131,57,154,127,68
92,99,157,131,60,152,109,62
70,86,155,131,64,149,93,44
60,87,155,129,69,148,101,42
55,84,133,107,70,126,90,46
53,76,126,101,65,156,76,48
51,76,121,97,64,163,74,48
50,107,129,91,55,159,71,46
53,109,126,83,51,155,64,46
53,108,118,78,59,157,69,46
51,106,113,63,66,121,80,46
52,106,114,58,66,138,96,47
52,68,81,54,70,138,98,51
45,59,72,51,74,156,96,47
43,52,69,48,74,152,85,42
39,48,58,46,71,162,76,43
35,41,53,50,75,147,71,41
34,44,51,49,76,148,70,33
46,76,65,49,79,131,74,35
52,98,92,50,72,122,74,35
52,110,99,51,69,99,74,33
52,129,104,53,71,96,63,35
62,138,107,64,77,109,64,38
64,213,130,78,83,119,71,48
60,239,155,75,81,121,73,48
60,237,156,78,82,125,79,53
62,229,154,86,86,126,88,53
60,250,180,82,92,117,99,59
73,231,245,81,88,108,90,56
100,299,442,139,93,114,103,67
107,312,470,165,120,120,104,68
113,318,474,172,142,129,96,68
140,349,506,172,137,137,91,83
198,420,570,200,158,141,102,106
215,412,548,194,165,165,107,118
214,423,547,182,148,173,103,117
218,430,557,174,121,163,105,125
201,396,534,180,119,156,103,113
135,294,432,151,93,158,100,91
84,212,266,148,89,134,90,70
82,175,228,153,100,113,86,69
78,208,288,175,104,119,95,56
98,249,287,179,104,134,103,72
96,246,299,181,104,135,94,70
95,245,299,156,94,136,97,66
93,241,290,138,81,156,112,69
80,200,224,107,75,157,103,67
60,176,218,86,71,145,91,50
63,194,218,64,58,140,91,55
62,190,206,54,54,142,77,54
58,189,205,58,46,136,56,48
55,175,175,58,51,148,62,46
39,127,136,54,52,158,68,42
34,75,87,58,53,159,66,33
33,60,76,59,52,174,78,37
34,51,72,55,57,175,94,40
34,48,68,55,61,174,100,44
35,52,67,54,59,160,97,44
33,60,68,59,59,189,104,48
32,82,77,60,66,177,99,47
32,83,70,68,71,171,85,44
44,125,123,63,69,158,85,45
49,146,163,77,69,154,84,48
54,156,197,71,73,126,80,49
56,153,204,73,68,117,77,54
64,182,243,71,68,109,72,57
85,205,254,84,68,117,66,64
88,215,237,75,68,118,72,67
90,266,235,82,69,109,80,67
151,417,293,138,96,114,92,79
152,434,391,154,93,113,101,90
172,487,392,174,118,98,103,93
176,506,406,178,127,105,100,91
184,518,420,183,125,122,93,92
143,424,383,145,106,122,86,81
141,402,265,132,108,139,98,69
100,313,239,108,75,142,106,61
93,263,206,101,62,164,112,60
71,172,148,109,75,157,113,57
60,113,132,114,76,158,112,54
53,87,106,109,71,149,92,52
45,64,89,94,70,153,78,46
40,58,85,92,72,127,71,48
42,53,72,65,58,123,70,50
45,75,100,64,58,112,62,47
54,82,98,58,65,114,66,52
54,85,98,62,73,108,65,50
50,116,105,60,67,98,60,45
54,203,123,62,67,96,64,52
53,202,99,47,63,98,67,54
48,202,93,45,53,87,60,49
50,203,99,47,41,79,51,48
51,189,91,49,49,82,47,47
43,94,64,45,45,100,39,33
43,115,98,56,54,101,38,31
42,111,102,54,55,106,50,31
39,111,98,56,61,112,58,31
41,110,111,53,60,139,62,35
48,111,116,60,66,124,64,37
54,127,129,54,60,123,65,39
52,127,133,56,61,121,67,39
53,128,132,54,60,128,69,39
53,131,132,59,57,97,69,38
53,149,156,66,58,93,75,48
52,148,165,71,65,105,78,49
70,213,198,81,69,116,79,62
101,280,286,107,70,121,90,77
117,323,414,127,95,138,101,82
159,465,497,139,107,159,116,95
164,483,504,139,105,152,122,98
164,478,505,152,131,147,123,91
152,451,464,138,135,141,122,80
141,436,371,121,132,148,115,77
89,280,251,102,120,131,93,54
79,232,215,104,121,145,79,43
68,193,181,86,91,161,75,42
56,171,175,80,84,158,67,38
54,127,130,83,66,142,70,43
52,102,98,87,62,153,81,47
46,89,95,89,63,157,92,50
36,71,85,81,61,170,94,50
36,61,80,79,56,170,91,52
33,52,75,80,53,181,85,43
30,50,70,73,53,167,79,36
25,48,56,62,58,152,70,34
27,47,60,57,55,129,60,32
27,53,56,56,51,133,61,28
30,56,60,40,46,124,59,31
32,56,59,40,51,123,60,31
33,52,56,42,45,122,56,31
33,46,51,41,45,124,68,31
33,39,54,43,65,139,75,31
28,35,53,42,66,131,81,28
27,37,55,43,67,148,81,31
34,45,59,38,63,160,81,28
37,50,61,45,67,150,86,30
41,57,64,42,57,140,98,34
48,66,57,49,57,143,97,42
52,69,53,50,50,126,94,41
53,85,69,55,62,132,93,46
63,152,144,73,108,151,92,48
67,160,172,81,111,152,78,52
78,226,194,93,121,152,83,52
110,377,302,109,137,149,85,62
121,411,339,121,136,142,91,62
122,404,327,110,110,150,90,67
121,408,322,114,110,143,93,64
116,377,314,107,105,146,96,61
84,229,220,97,90,176,106,55
67,152,156,83,85,180,119,53
55,113,126,87,79,171,118,47
54,82,105,83,70,174,130,47
45,71,100,79,64,190,125,47
44,60,87,76,56,167,116,44
36,57,78,73,57,158,99,43
34,56,80,71,53,140,92,42
30,51,75,67,56,130,62,41
29,50,67,71,56,95,60,40
29,41,63,68,55,101,61,38
29,47,64,64,53,101,66,37
31,51,73,65,49,95,62,32
31,67,82,60,41,92,60,31
31,68,79,49,39,89,53,29
30,68,76,47,44,73,53,29
32,64,75,47,46,81,55,29
28,59,68,46,50,99,64,31
29,53,60,55,58,110,72,31
31,57,63,59,60,135,74,29
33,59,65,59,58,145,74,36
33,60,63,62,56,147,80,40
37,66,60,61,58,139,80,43
47,66,66,55,54,157,84,46
53,64,61,54,61,153,91,50
58,63,59,52,59,152,90,48
58,64,58,48,59,146,85,48
61,57,57,48,65,150,85,52
56,71,57,67,87,131,86,51
77,280,167,68,90,142,101,79
77,300,173,69,94,146,104,81
101,343,206,97,138,158,111,81
162,518,363,126,159,201,139,92
173,596,432,121,155,223,153,109
172,560,437,134,159,221,152,98
177,564,453,154,175,238,152,99
168,543,448,145,153,235,152,101
124,461,389,151,146,202,135,98
134,440,348,153,142,184,114,81
124,412,308,144,136,170,98,71
120,403,284,130,123,157,98,65
117,407,272,123,114,147,88,61
106,316,187,83,92,138,75,45
68,171,101,85,87,124,74,42
73,141,89,84,86,126,80,52
70,111,80,77,76,132,108,57
67,68,76,79,78,132,105,58
59,55,73,80,75,134,107,61
59,58,72,65,73,138,107,58
47,53,77,63,75,148,107,51
38,51,74,60,70,134,76,44
37,66,72,61,63,125,75,40
37,84,68,54,65,125,69,34
38,83,68,53,63,128,65,37
36,84,65,54,60,125,58,34
35,81,61,50,60,127,58,34
36,77,78,61,67,132,63,39
38,55,79,72,67,135,60,41
39,57,76,71,64,141,60,39
38,55,69,67,61,122,59,42
39,54,70,70,59,113,57,41
36,50,47,56,53,125,53,37
34,55,52,48,55,119,73,40
36,67,60,60,61,111,84,42
36,68,64,59,60,118,86,39
37,71,59,58,62,110,86,41
39,64,60,61,76,137,86,41
55,125,81,64,87,150,78,46
69,170,142,69,109,157,78,53
102,302,292,99,122,161,85,59
142,427,491,119,129,162,92,68
155,438,509,126,143,133,100,72
161,459,536,131,147,152,97,67
166,459,536,131,148,179,89,69
159,397,477,132,160,189,95,72
140,311,314,127,166,193,99,63
159,406,350,142,159,195,108,75
157,470,398,160,156,171,117,79
147,458,400,159,145,129,116,74
138,460,402,146,123,110,110,68
126,431,370,140,110,127,116,68
81,332,314,123,91,160,103,53
65,162,179,95,77,163,96,50
62,152,129,97,70,168,96,49
58,109,103,96,64,170,103,54
53,91,104,99,59,188,92,55
52,84,96,104,60,159,89,53
51,102,122,101,52,159,91,49
57,140,161,100,49,168,95,53
81,184,187,99,60,168,91,62
82,196,197,93,66,123,84,64
84,196,193,81,78,123,85,66
83,184,176,80,84,129,81,66
77,155,139,66,83,122,86,65
49,101,102,62,74,149,83,51
39,76,76,57,72,158,89,48
40,73,77,53,63,154,90,50
41,70,72,64,68,158,88,50
40,66,70,74,70,154,86,44
48,65,66,77,73,114,77,45
47,59,58,75,74,124,74,48
42,48,49,76,72,129,78,40
43,64,51,69,74,143,88,45
48,81,57,60,70,155,87,55
40,82,60,59,76,165,94,54
40,82,60,60,71,152,97,55
39,83,59,60,68,149,91,56
38,69,58,53,56,124,83,54
36,45,55,49,58,117,78,43
45,65,89,45,63,137,87,48
57,114,123,48,68,164,96,50
99,203,164,54,75,176,116,77
103,222,185,61,80,193,130,89
126,280,262,77,84,198,132,93
152,417,341,95,82,187,132,100
172,441,380,133,110,179,139,108
163,422,393,156,126,201,139,98
164,452,410,171,137,200,134,89
154,466,484,179,137,204,140,91
133,365,442,175,140,211,147,83
100,333,407,152,125,221,146,71
91,325,386,127,108,207,144,65
86,273,365,119,96,219,140,63
76,182,211,117,92,206,137,62
64,136,182,131,80,194,122,58
64,108,171,131,68,169,103,56
52,74,155,128,62,194,81,54
48,52,136,116,48,160,73,58
39,47,91,97,55,161,67,49
45,60,91,73,56,160,61,49
44,61,85,65,60,173,64,50
39,64,93,66,69,153,78,42
36,72,93,64,71,158,79,41
39,94,90,65,65,153,73,39
35,90,77,52,63,169,77,40
37,95,74,71,63,165,78,42
38,104,63,68,55,132,68,45
38,100,59,68,59,140,64,41
37,78,51,66,58,170,79,41
35,75,46,66,58,171,77,43
31,68,48,45,55,183,79,39
33,55,51,49,61,192,82,34
32,57,55,44,56,199,83,35
35,57,54,45,57,177,68,35
45,55,56,48,56,159,71,37
55,54,59,52,64,152,73,38
67,86,97,54,64,144,73,43
112,203,229,92,68,122,76,61
132,272,283,113,87,161,99,70
174,409,388,129,106,184,100,85
222,519,460,187,164,206,121,90
251,612,525,220,200,241,136,97
241,612,548,216,200,251,138,94
262,672,564,239,212,230,134,106
244,634,528,244,207,220,131,97
204,557,480,214,170,189,105,93
173,465,435,191,127,159,102,86
167,437,362,186,126,184,118,83
115,293,300,145,96,186,121,61
98,208,246,127,89,190,129,61
91,185,220,107,72,197,130,63
76,135,149,85,65,186,115,61
69,111,162,79,61,147,94,56
72,101,178,80,51,147,83,59
71,122,197,76,41,129,68,58
79,135,213,87,49,135,78,63
104,296,301,133,49,129,78,66
142,397,328,142,63,131,85,80
180,447,371,161,84,149,93,102
197,513,368,165,90,160,100,120
196,534,367,172,97,153,109,121
198,492,358,173,116,170,116,125
217,556,381,195,118,182,125,134
185,520,344,184,107,195,123,117
165,470,337,181,105,192,119,95
163,452,334,171,109,194,113,91
145,425,269,136,91,182,109,82
63,211,160,82,79,179,97,50
58,196,128,66,79,165,83,44
55,144,116,60,80,159,80,44
45,110,102,59,63,173,67,37
42,100,94,65,70,185,73,39
48,120,150,95,75,177,68,41
79,164,211,105,78,157,77,61
94,180,227,109,77,171,81,66
97,183,226,110,85,150,90,71
100,185,228,112,85,136,86,70
106,216,259,107,82,139,83,72
146,261,314,130,94,148,86,88
144,263,360,144,97,141,90,96
150,267,367,147,90,137,86,97
181,345,455,156,97,143,124,121
199,489,556,178,115,160,140,128
222,538,574,184,112,153,135,159
320,605,611,182,135,159,150,275
339,625,629,205,159,197,155,290
334,598,584,224,211,274,162,293
344,602,541,220,226,304,166,296
317,580,507,224,226,306,167,276
221,513,428,227,219,302,160,159
203,512,420,219,204,285,179,142
192,513,418,192,143,232,153,119
154,364,322,169,103,181,142,103
134,278,263,134,89,173,141,100
125,264,250,115,66,172,147,97
92,224,233,87,61,170,115,78
120,395,306,107,64,133,109,94
114,411,367,119,65,127,103,94
117,437,373,115,68,134,101,89
123,451,401,120,70,130,74,89
142,456,406,121,73,131,80,92
114,316,408,113,69,127,79,76
119,359,415,127,62,119,73,70
139,416,450,138,65,114,70,74
142,410,442,135,71,121,81,78
131,411,431,135,66,102,75,72
142,438,430,161,67,99,75,71
139,382,378,141,72,107,77,75
152,473,460,146,72,109,84,87
151,492,470,146,63,123,75,81
145,489,475,148,66,135,80,79
128,463,423,112,73,134,84,76
146,494,509,127,71,137,91,82
117,323,420,113,70,155,88,68
109,289,407,108,72,146,87,66
110,275,405,101,66,139,80,66
108,249,401,96,51,141,74,60
87,203,258,76,52,132,66,45
91,267,229,97,57,111,63,44
101,357,257,98,63,94,70,50
124,373,358,131,76,82,73,58
134,394,384,142,91,94,71,62
143,484,442,152,95,98,69,64
158,497,596,157,101,90,68,64
182,486,604,178,123,104,77,74
186,551,595,180,145,124,96,77
228,636,655,211,170,139,115,89
246,615,666,224,184,148,128,103
251,652,532,220,197,165,133,110
279,691,577,254,203,162,134,119
283,674,588,242,187,157,127,123
256,624,513,212,161,137,110,120
232,575,460,190,145,139,102,110
214,492,449,182,124,142,118,107
148,381,348,109,85,155,128,99
118,302,221,98,76,147,124,90
95,199,177,91,70,146,125,80
90,164,128,86,62,135,125,78
73,133,127,100,52,117,102,67
64,100,103,87,52,106,77,46
53,83,97,87,53,106,63,39
47,79,92,87,48,108,60,38
58,146,152,85,50,104,58,49
77,156,161,78,55,120,67,63
77,160,165,77,53,106,69,66
86,168,176,80,55,115,72,67
123,336,285,91,64,120,82,87
125,317,263,93,66,129,83,87
119,339,256,85,62,115,84,77
