3, 134, 317, 152, 67, 100, 138, 4
44, 289, 633, 288, 75, 59, 116, 29
44, 289, 633, 288, 75, 59, 116, 29
5, 247, 527, 318, 79, 49, 174, 17
5, 247, 527, 318, 79, 49, 174, 17
99, 197, 410, 191, 47, 35, 79, 6
71, 260, 281, 244, 65, 56, 75, 13
71, 260, 281, 244, 65, 56, 75, 13
05, 217, 284, 206, 60, 55, 104, 5
92, 212, 184, 142, 51, 67, 101, 4
92, 212, 184, 142, 51, 67, 101, 4
23, 167, 178, 217, 48, 50, 96, 4
03, 186, 139, 140, 56, 62, 106, 3
03, 186, 139, 140, 56, 62, 106, 3
91, 149, 126, 96, 58, 61, 93, 4
56, 295, 128, 142, 63, 44, 102, 19
56, 295, 128, 142, 63, 44, 102, 19
65, 278, 181, 286, 135, 63, 185, 29
83, 347, 198, 538, 251, 103, 392, 37
83, 347, 198, 538, 251, 103, 392, 37
13, 246, 176, 574, 143, 72, 453, 19
93, 80, 138, 214, 72, 75, 744, 24
93, 80, 138, 214, 72, 75, 744, 24
5, 87, 404, 241, 71, 51, 209, 17
5, 87, 404, 241, 71, 51, 209, 17
8, 140, 568, 181, 78, 49, 188, 24
09, 200, 796, 418, 95, 44, 126, 24
47, 258, 685, 418, 89, 53, 163, 27
47, 258, 685, 418, 89, 53, 163, 27
45, 243, 607, 422, 101, 60, 193, 23
45, 243, 607, 422, 101, 60, 193, 23
42, 256, 247, 262, 68, 41, 70, 9
07, 191, 199, 150, 51, 40, 84, 14
88, 204, 196, 163, 43, 30, 65, 9
88, 204, 196, 163, 43, 30, 65, 9
21, 212, 413, 187, 79, 47, 136, 20
33, 329, 330, 473, 198, 80, 182, 33
3, 134, 317, 152, 67, 100, 138, 4
44, 289, 633, 288, 75, 59, 116, 29
44, 289, 633, 288, 75, 59, 116, 29
5, 247, 527, 318, 79, 49, 174, 17
5, 247, 527, 318, 79, 49, 174, 17
99, 197, 410, 191, 47, 35, 79, 6
71, 260, 281, 244, 65, 56, 75, 13
71, 260, 281, 244, 65, 56, 75, 13
05, 217, 284, 206, 60, 55, 104, 5
92, 212, 184, 142, 51, 67, 101, 4
92, 212, 184, 142, 51, 67, 101, 4
23, 167, 178, 217, 48, 50, 96, 4
03, 186, 139, 140, 56, 62, 106, 3
03, 186, 139, 140, 56, 62, 106, 3
91, 149, 126, 96, 58, 61, 93, 4
56, 295, 128, 142, 63, 44, 102, 19
56, 295, 128, 142, 63, 44, 102, 19
65, 278, 181, 286, 135, 63, 185, 29
83, 347, 198, 538, 251, 103, 392, 37
83, 347, 198, 538, 251, 103, 392, 37
13, 246, 176, 574, 143, 72, 453, 19
93, 80, 138, 214, 72, 75, 744, 24
93, 80, 138, 214, 72, 75, 744, 24
5, 87, 404, 241, 71, 51, 209, 17
5, 87, 404, 241, 71, 51, 209, 17
8, 140, 568, 181, 78, 49, 188, 24
09, 200, 796, 418, 95, 44, 126, 24
47, 258, 685, 418, 89, 53, 163, 27
47, 258, 685, 418, 89, 53, 163, 27
45, 243, 607, 422, 101, 60, 193, 23
45, 243, 607, 422, 101, 60, 193, 23
42, 256, 247, 262, 68, 41, 70, 9
07, 191, 199, 150, 51, 40, 84, 14
88, 204, 196, 163, 43, 30, 65, 9
88, 204, 196, 163, 43, 30, 65, 9
21, 212, 413, 187, 79, 47, 136, 20
33, 329, 330, 473, 198, 80, 182, 33
4, 86, 150, 154, 56, 48, 124, 18
18, 163, 538, 284, 70, 40, 63, 18
18, 163, 538, 284, 70, 40, 63, 18
46, 313, 676, 374, 76, 44, 79, 25
46, 189, 396, 198, 44, 32, 63, 10
61, 178, 242, 268, 59, 45, 74, 3
61, 178, 242, 268, 59, 45, 74, 3
62, 138, 155, 254, 46, 38, 53, 2
91, 131, 101, 186, 83, 49, 67, 13
07, 189, 94, 197, 89, 50, 130, 28
26, 265, 84, 235, 119, 83, 172, 29
26, 265, 84, 235, 119, 83, 172, 29
02, 265, 126, 352, 150, 50, 173, 33
98, 219, 98, 412, 197, 81, 201, 25
98, 219, 98, 412, 197, 81, 201, 25
41, 191, 87, 455, 162, 69, 272, 32
50, 142, 472, 166, 60, 78, 105, 20
7, 156, 485, 151, 65, 49, 80, 20
26, 213, 687, 204, 63, 52, 129, 26
26, 213, 687, 204, 63, 52, 129, 26
47, 174, 765, 282, 70, 54, 106, 28
42, 218, 606, 368, 76, 45, 87, 28
42, 218, 606, 368, 76, 45, 87, 28
16, 233, 656, 291, 88, 55, 84, 26
16, 290, 644, 340, 76, 49, 139, 16
16, 290, 644, 340, 76, 49, 139, 16
64, 217, 592, 222, 61, 40, 89, 12
79, 141, 179, 133, 56, 39, 72, 15
78, 156, 145, 144, 53, 44, 73, 6
78, 156, 145, 144, 53, 44, 73, 6
92, 142, 125, 148, 38, 40, 65, 4
24, 205, 132, 73, 67, 54, 62, 5
38, 161, 95, 76, 63, 49, 129, 25
38, 161, 95, 76, 63, 49, 129, 25
